1401194515.947908 	 84.800690
1401194515.968735 	 84.184760
1401194515.994910 	 83.876740
1401194516.024049 	 83.876740
1401194516.149880 	 85.416620
1401194516.179911 	 84.184760
1401194516.209943 	 84.492720
1401194516.239344 	 84.184760
1401194516.270931 	 84.492720
1401194516.302713 	 84.800690
1401194516.336505 	 84.492720
1401194516.343332 	 85.108650
1401194516.395921 	 92.807950
1401194516.405621 	 98.967360
1401194516.438198 	 101.739100
1401194516.471336 	 101.431100
1401194516.624222 	 101.431100
1401194516.624462 	 102.047100
1401194516.624731 	 101.739100
1401194516.624908 	 101.739100
1401194516.640990 	 102.047100
1401194516.667714 	 101.431100
1401194516.702008 	 102.663000
1401194516.738838 	 101.431100
1401194516.763801 	 101.431100
1401194516.796615 	 101.431100
1401194516.808781 	 101.739100
1401194516.865938 	 102.663000
1401194516.875900 	 104.510800
1401194516.908028 	 110.670300
1401194516.940195 	 113.442000
1401194516.974150 	 115.905800
1401194517.003337 	 120.525300
1401194517.038884 	 125.144900
1401194517.074088 	 131.612300
1401194517.105722 	 132.844200
1401194517.138738 	 133.460100
1401194517.170963 	 133.768100
1401194517.203230 	 134.692000
1401194517.243757 	 133.460100
1401194517.272768 	 133.460100
1401194517.305082 	 132.844200
1401194517.345611 	 132.844200
1401194517.369941 	 132.228300
1401194517.401160 	 133.152100
1401194517.438173 	 132.844200
1401194517.477533 	 130.072400
1401194517.507626 	 127.916600
1401194517.535946 	 126.684800
1401194517.563425 	 125.452900
1401194517.594794 	 123.913000
1401194517.609776 	 123.913000
1401194517.642874 	 119.909400
1401194517.697545 	 112.826100
1401194517.707516 	 104.818800
1401194517.739646 	 102.663000
1401194517.770505 	 101.431100
1401194517.804298 	 98.043410
1401194517.835718 	 95.579690
1401194517.869579 	 91.576030
1401194517.904815 	 87.264460
1401194517.932854 	 85.416620
1401194517.963630 	 83.260810
1401194518.002241 	 83.568770
1401194518.035498 	 81.105000
1401194518.067921 	 77.409360
1401194518.103711 	 71.249950
1401194518.135454 	 67.554310
1401194518.166595 	 66.938330
1401194518.203410 	 66.322400
1401194518.236236 	 66.014430
1401194518.268238 	 65.090540
1401194518.304746 	 58.623160
1401194518.331234 	 53.695610
1401194518.365427 	 51.539800
1401194518.378112 	 51.539800
1401194518.408727 	 51.231830
1401194518.441030 	 51.231830
1401194518.473368 	 49.275290
1401194518.507225 	 47.101380
1401194518.537952 	 43.840500
1401194518.572056 	 41.304300
1401194518.603913 	 40.941970
1401194518.635296 	 39.130390
1401194518.671450 	 38.405770
1401194518.700557 	 37.318810
1401194518.730636 	 34.782550
1401194518.762233 	 35.869510
1401194518.801711 	 34.782550
1401194518.834914 	 34.782550
1401194518.866987 	 34.420220
1401194518.899972 	 35.144890
1401194518.929959 	 34.782550
1401194518.962798 	 34.420220
1401194519.002872 	 34.782550
1401194519.041397 	 34.782550
1401194519.071002 	 34.420220
1401194519.099544 	 34.420220
1401194519.132287 	 34.782550
1401194519.146035 	 35.869510
1401194519.179426 	 34.782550
1401194519.210086 	 35.507170
1401194519.264287 	 38.768050
1401194519.273796 	 40.217350
1401194519.305197 	 43.115880
1401194519.337062 	 43.840500
1401194519.370886 	 45.652140
1401194519.402779 	 50.307940
1401194519.438930 	 54.311540
1401194519.472762 	 57.699210
1401194519.501001 	 58.931120
1401194519.531384 	 58.931120
1401194519.570696 	 58.931120
1401194519.604177 	 59.547050
1401194519.636705 	 64.474610
1401194519.666657 	 70.326050
1401194519.700589 	 74.021690
1401194519.731512 	 75.561570
1401194519.771811 	 75.561570
1401194519.803475 	 75.561570
1401194519.838073 	 75.253550
1401194519.865563 	 75.561570
1401194519.939015 	 75.253550
1401194519.939256 	 75.869540
1401194519.951121 	 75.561570
1401194520.005967 	 75.253550
1401194520.013386 	 76.177500
1401194520.043265 	 75.561570
1401194520.074237 	 76.177500
1401194520.107859 	 76.793430
1401194520.135765 	 86.032550
1401194520.174398 	 97.735440
1401194520.209086 	 110.362300
1401194520.237730 	 118.061600
1401194520.267905 	 118.061600
1401194520.299504 	 119.909400
1401194520.329969 	 120.525300
1401194520.374778 	 123.605000
1401194520.412912 	 126.376700
1401194520.439538 	 127.916600
1401194520.470519 	 127.916600
1401194520.503384 	 127.300700
1401194520.538758 	 127.608700
1401194520.574767 	 129.764500
1401194520.611129 	 130.996300
1401194520.634728 	 132.844200
1401194520.667911 	 133.460100
1401194520.699346 	 133.460100
1401194520.714833 	 133.768100
1401194520.744694 	 132.844200
1401194520.781241 	 133.152100
1401194520.832872 	 132.844200
1401194520.842264 	 132.844200
1401194520.873265 	 132.844200
1401194520.905643 	 132.536200
1401194520.961447 	 132.536200
1401194520.972135 	 128.532600
1401194521.008408 	 125.452900
1401194521.040709 	 123.605000
1401194521.071412 	 124.221000
1401194521.107077 	 122.989100
1401194521.139838 	 124.221000
1401194521.172231 	 120.525300
1401194521.207305 	 115.289800
1401194521.239708 	 111.594100
1401194521.270957 	 109.746400
1401194521.303994 	 110.054300
1401194521.339522 	 110.670300
1401194521.371523 	 109.438300
1401194521.406938 	 105.434700
1401194521.439512 	 99.275320
1401194521.466857 	 94.655740
1401194521.498654 	 92.807950
1401194521.512821 	 92.191960
1401194521.545365 	 90.960100
1401194521.576924 	 86.648480
1401194521.615890 	 83.260810
1401194521.664798 	 79.565170
1401194521.674795 	 77.409360
1401194521.705530 	 75.253550
1401194521.738833 	 74.637620
1401194521.862761 	 73.097790
1401194521.863103 	 68.786170
1401194521.863270 	 62.626760
1401194521.868948 	 59.547050
1401194521.906620 	 59.239090
1401194521.948193 	 58.931120
1401194521.971984 	 57.699210
1401194522.003489 	 52.155730
1401194522.039121 	 47.826050
1401194522.071072 	 45.652140
1401194522.106407 	 46.014420
1401194522.147662 	 44.927460
1401194522.171209 	 44.927460
1401194522.203276 	 45.289800
1401194522.238061 	 42.028920
1401194522.267725 	 39.130390
1401194522.281780 	 37.318810
1401194522.313644 	 37.318810
1401194522.344990 	 36.956470
1401194522.377249 	 36.594130
1401194522.409585 	 36.594130
1401194522.446324 	 35.869510
1401194522.474462 	 34.782550
1401194522.506510 	 34.057930
1401194522.539086 	 34.420220
1401194522.571346 	 34.782550
1401194522.603664 	 34.420220
1401194522.635431 	 34.782550
1401194522.673829 	 34.420220
1401194522.707248 	 34.782550
1401194522.739559 	 34.420220
1401194522.771958 	 34.420220
1401194522.803555 	 35.869510
1401194522.834925 	 38.043430
1401194522.873880 	 40.941970
1401194522.908713 	 43.115880
1401194522.939651 	 44.565180
1401194522.995921 	 44.202840
1401194523.003249 	 43.840500
1401194523.034860 	 46.014420
1401194523.074897 	 49.275290
1401194523.083535 	 54.311540
1401194523.114763 	 57.391240
1401194523.145900 	 58.623160
1401194523.180988 	 59.547050
1401194523.209091 	 63.858620
1401194523.241244 	 67.246350
1401194523.279655 	 73.097790
1401194523.309961 	 79.873140
1401194523.339956 	 83.876740
1401194523.373101 	 84.800690
1401194523.406173 	 86.032550
1401194523.436052 	 85.108650
1401194523.474058 	 91.268060
1401194523.510537 	 98.967360
1401194523.543231 	 102.047100
1401194523.574390 	 102.047100
1401194523.607632 	 103.278900
1401194523.636533 	 102.663000
1401194523.674102 	 102.971000
1401194523.714689 	 105.434700
1401194523.742229 	 110.670300
1401194523.772092 	 115.905800
1401194523.804362 	 117.753600
1401194523.835114 	 116.213700
1401194523.848748 	 117.137600
1401194523.880592 	 120.525300
1401194523.918311 	 123.605000
1401194523.947646 	 126.068800
1401194523.978094 	 127.916600
1401194524.009058 	 127.916600
1401194524.041225 	 127.916600
1401194524.074755 	 129.764500
1401194524.110799 	 131.612300
1401194524.145834 	 132.844200
1401194524.174976 	 133.152100
1401194524.207292 	 132.844200
1401194524.238898 	 132.844200
1401194524.274820 	 132.844200
1401194524.307938 	 132.844200
1401194524.339651 	 133.152100
1401194524.372267 	 133.460100
1401194524.408186 	 133.152100
1401194524.437687 	 134.076000
1401194524.476309 	 134.076000
1401194524.625668 	 133.460100
1401194524.625918 	 133.152100
1401194524.626139 	 133.152100
1401194524.626289 	 132.844200
1401194525.251535 	 133.152100
1401194525.251872 	 133.460100
1401194525.252119 	 133.152100
1401194525.252342 	 133.460100
1401194525.252558 	 133.152100
1401194525.252769 	 134.076000
1401194525.252973 	 133.768100
1401194525.253173 	 133.152100
1401194525.253410 	 130.380400
1401194525.253638 	 121.757200
1401194525.253828 	 110.978200
1401194525.254008 	 102.971000
1401194525.254236 	 102.047100
1401194525.254410 	 100.815100
1401194525.254574 	 100.507200
1401194525.254733 	 97.735440
1401194525.254996 	 90.960100
1401194525.255154 	 85.416620
1401194525.255332 	 83.568770
1401194525.276424 	 83.260810
1401194525.288096 	 83.876740
1401194525.317959 	 82.336910
1401194525.353220 	 77.409360
1401194525.377572 	 70.018090
1401194525.405903 	 67.246350
1401194525.429755 	 66.630360
1401194525.449431 	 67.246350
1401194525.481951 	 67.554310
1401194525.514597 	 66.322400
1401194525.545433 	 65.090540
1401194525.579373 	 58.623160
1401194525.610347 	 53.387640
1401194525.655888 	 51.539800
1401194525.677395 	 51.539800
1401194525.707438 	 49.637630
1401194525.741005 	 47.101380
1401194525.771544 	 43.840500
1401194525.807324 	 41.666640
1401194525.862138 	 40.941970
1401194526.499733 	 41.666640
1401194526.500056 	 41.304300
1401194526.500286 	 40.217350
1401194526.500499 	 37.681090
1401194526.500763 	 35.869510
1401194526.500969 	 34.782550
1401194526.501163 	 34.782550
1401194526.501405 	 34.420220
1401194526.501594 	 34.782550
1401194526.501773 	 34.057930
1401194526.501947 	 35.144890
1401194526.502120 	 35.144890
1401194526.502301 	 34.420220
1401194526.502473 	 34.420220
1401194526.502630 	 35.869510
1401194526.502818 	 36.956470
1401194526.502964 	 38.768050
1401194526.521472 	 41.666640
1401194526.521703 	 43.478220
1401194526.521915 	 44.202840
1401194526.540128 	 44.202840
1401194526.572133 	 44.927460
1401194526.580136 	 47.463720
1401194526.615420 	 54.003570
1401194526.647918 	 56.467350
1401194526.679019 	 58.623160
1401194526.710428 	 58.623160
1401194526.742700 	 58.623160
1401194526.772570 	 59.547050
1401194526.812611 	 61.702870
1401194526.851136 	 67.554310
1401194526.875680 	 72.173840
1401194526.905943 	 76.177500
1401194526.938838 	 76.177500
1401194526.970769 	 75.869540
1401194526.986200 	 78.641280
1401194527.020135 	 86.032550
1401194527.053260 	 92.191960
1401194527.082858 	 94.655740
1401194527.113345 	 93.731840
1401194527.145023 	 93.115910
1401194527.178705 	 94.655740
1401194527.210747 	 98.043410
1401194527.247699 	 104.202900
1401194527.280503 	 109.438300
1401194527.309085 	 110.054300
1401194527.342367 	 110.670300
1401194527.381404 	 111.286200
1401194528.265415 	 114.365900
1401194528.265829 	 119.601400
1401194528.266141 	 122.681100
1401194528.266399 	 122.989100
1401194528.266643 	 122.681100
1401194528.266886 	 122.373100
1401194528.267155 	 123.605000
1401194528.267439 	 125.760800
1401194528.267685 	 128.840500
1401194528.267904 	 131.612300
1401194528.268113 	 131.304300
1401194528.268320 	 131.612300
1401194528.268519 	 132.228300
1401194528.268714 	 132.844200
1401194528.268940 	 132.844200
1401194528.269127 	 134.076000
1401194528.269306 	 133.460100
1401194528.269480 	 135.000000
1401194528.269651 	 135.000000
1401194528.269815 	 133.460100
1401194528.269976 	 133.768100
1401194528.270129 	 133.152100
1401194528.270278 	 133.460100
1401194528.270422 	 132.844200
1401194528.310121 	 133.152100
1401194528.310487 	 132.228300
1401194528.310723 	 130.380400
1401194528.323078 	 126.376700
1401194528.324550 	 124.529000
1401194528.356733 	 124.836900
1401194528.388171 	 124.836900
1401194528.416719 	 123.297000
1401194528.443185 	 123.605000
1401194528.684049 	 123.605000
1401194528.684316 	 122.989100
1401194528.684569 	 120.217300
1401194528.684744 	 112.518100
1401194528.684931 	 105.434700
1401194528.685084 	 100.507200
1401194528.685231 	 98.351430
1401194528.695181 	 93.731840
1401194528.721170 	 88.496320
1401194528.752998 	 84.184760
1401194528.784351 	 84.184760
1401194528.815728 	 84.800690
1401194528.847766 	 82.028950
1401194528.879349 	 81.105000
1401194528.916090 	 75.869540
1401194528.948740 	 70.018090
1401194528.980353 	 67.554310
1401194529.015648 	 67.554310
1401194529.043144 	 64.782570
1401194529.076552 	 61.086880
1401194529.112510 	 56.159380
1401194529.147646 	 53.387640
1401194529.179618 	 52.155730
1401194529.214113 	 52.155730
1401194529.243691 	 52.771660
1401194529.274923 	 50.615900
1401194529.307818 	 48.188340
1401194529.323764 	 45.289800
1401194529.355959 	 42.753540
1401194529.385858 	 40.941970
1401194529.418826 	 40.941970
1401194529.450805 	 41.666640
1401194529.480808 	 38.405770
1401194529.515316 	 36.594130
1401194529.549149 	 36.594130
1401194529.580105 	 35.507170
1401194529.613222 	 35.507170
1401194529.643895 	 35.144890
1401194529.674914 	 34.782550
1401194529.706337 	 35.869510
1401194529.749918 	 35.144890
1401194529.781943 	 35.144890
1401194529.813391 	 35.144890
1401194529.848007 	 35.144890
1401194529.875739 	 35.144890
1401194529.914717 	 34.782550
1401194529.954913 	 35.507170
1401194529.983593 	 37.318810
1401194530.012740 	 38.405770
1401194530.046076 	 38.768050
1401194530.074479 	 39.855010
1401194530.090202 	 40.579680
1401194530.121447 	 42.753540
1401194530.155698 	 44.565180
1401194530.187382 	 48.550670
1401194530.219055 	 49.999970
1401194530.249948 	 51.539800
1401194530.280196 	 54.003570
1401194530.313605 	 56.467350
1401194530.349266 	 60.778910
1401194530.384247 	 64.782570
1401194530.416137 	 66.322400
1401194530.449828 	 66.322400
1401194530.479395 	 66.322400
1401194530.514534 	 67.246350
1401194530.552156 	 70.634020
1401194530.583761 	 76.793430
1401194530.614809 	 83.260810
1401194530.648149 	 85.416620
1401194530.678779 	 84.800690
1401194530.713789 	 84.492720
1401194530.749172 	 87.880390
1401194530.786763 	 95.579690
1401194530.813206 	 100.507200
1401194530.842657 	 102.047100
1401194530.874964 	 102.663000
1401194530.888976 	 101.739100
1401194530.920763 	 103.278900
1401194530.961517 	 106.974600
1401194530.988988 	 110.670300
1401194531.019506 	 112.826100
1401194531.050551 	 114.981800
1401194531.082151 	 116.213700
1401194531.114914 	 117.753600
1401194531.146935 	 121.757200
1401194531.180134 	 126.684800
1401194531.215018 	 127.916600
1401194531.245194 	 128.224600
1401194531.282250 	 127.916600
1401194531.315233 	 127.916600
1401194531.350486 	 129.764500
1401194531.379294 	 130.996300
1401194531.416327 	 132.844200
1401194531.450417 	 134.076000
1401194531.484018 	 133.768100
1401194531.515548 	 134.076000
1401194531.546870 	 134.692000
1401194531.579922 	 133.768100
1401194531.616976 	 133.460100
1401194531.642934 	 133.768100
1401194531.657928 	 132.844200
1401194531.689675 	 132.536200
1401194531.721321 	 132.844200
1401194531.753007 	 132.536200
1401194531.785303 	 130.688400
1401194531.823966 	 127.608700
1401194531.851868 	 126.684800
1401194531.883222 	 122.989100
1401194531.915436 	 124.836900
1401194531.947268 	 122.989100
1401194531.979150 	 117.753600
1401194532.013848 	 112.518100
1401194532.048870 	 110.362300
1401194532.085852 	 110.670300
1401194532.117938 	 110.054300
1401194532.150022 	 110.670300
1401194532.183151 	 106.666700
1401194532.214175 	 100.815100
1401194532.247541 	 96.503580
1401194532.284710 	 92.807950
1401194532.316143 	 92.191960
1401194532.347570 	 92.191960
1401194532.379209 	 90.036210
1401194532.411753 	 84.184760
1401194532.448887 	 77.409360
1401194532.458467 	 75.253550
1401194532.490862 	 74.637620
1401194532.522854 	 74.945580
1401194532.556225 	 74.945580
1401194532.585307 	 73.713720
1401194532.618478 	 70.018090
1401194532.658211 	 65.706470
1401194532.687659 	 61.086880
1401194532.718779 	 59.547050
1401194532.752235 	 59.239090
1401194532.782815 	 58.315140
1401194532.811343 	 55.543400
1401194532.854614 	 49.637630
1401194532.886763 	 46.739100
1401194532.918423 	 46.014420
1401194532.951236 	 45.289800
1401194532.983009 	 45.289800
1401194533.014123 	 45.652140
1401194533.052189 	 44.202840
1401194533.092551 	 41.666640
1401194533.114988 	 38.768050
1401194533.147904 	 38.043430
1401194533.183709 	 37.318810
1401194533.249892 	 36.956470
1401194533.250209 	 36.956470
1401194533.263637 	 36.594130
1401194533.315728 	 34.420220
1401194533.323244 	 34.420220
1401194533.354064 	 35.144890
1401194533.385882 	 34.420220
1401194533.418475 	 34.420220
1401194533.451761 	 34.420220
1401194533.489341 	 34.420220
1401194533.521667 	 34.420220
1401194533.552257 	 35.507170
1401194533.584208 	 35.144890
1401194533.622760 	 34.782550
1401194533.651592 	 36.231850
1401194533.689932 	 40.217350
1401194533.724024 	 43.115880
1401194533.754414 	 44.565180
1401194533.784484 	 44.565180
1401194533.817072 	 44.565180
1401194533.851783 	 44.565180
1401194533.886013 	 47.826050
1401194533.918915 	 53.079680
1401194533.947915 	 56.467350
1401194533.979599 	 58.315140
1401194533.993379 	 58.931120
1401194534.026845 	 60.162980
1401194534.057240 	 63.858620
1401194534.091784 	 68.170240
1401194534.123842 	 70.941980
1401194534.157369 	 73.405760
1401194534.187058 	 74.945580
1401194534.219259 	 76.177500
1401194534.253002 	 80.797030
1401194534.284772 	 89.420220
1401194534.321291 	 98.351430
1401194534.353203 	 102.663000
1401194534.385014 	 103.278900
1401194534.419259 	 102.355000
1401194534.454159 	 102.663000
1401194534.483896 	 104.818800
1401194534.520309 	 112.518100
1401194534.554045 	 116.829700
1401194534.586512 	 117.137600
1401194534.619309 	 117.137600
1401194534.651563 	 116.829700
1401194534.683236 	 118.985500
1401194534.719311 	 122.373100
1401194534.751983 	 126.376700
1401194534.779516 	 127.916600
1401194534.794529 	 128.532600
1401194534.825312 	 128.224600
1401194534.858629 	 127.916600
1401194534.891267 	 129.148500
1401194534.922936 	 130.380400
1401194534.957304 	 132.536200
