0	1400239937.189083099365234
110.3623	1400239937.189337968826294
110.6703	1400239937.189564943313599
110.6703	1400239937.189744949340820
110.3623	1400239937.189919948577881
109.7464	1400239937.190093994140625
110.6703	1400239937.190269947052002
110.3623	1400239937.190473079681396
110.6703	1400239937.190650939941406
110.6703	1400239937.190825939178467
110.3623	1400239937.191073894500732
109.7464	1400239937.191293954849243
109.7464	1400239937.191476106643677
110.6703	1400239937.191657066345215
109.7464	1400239937.191833019256592
109.7464	1400239937.192008018493652
109.7464	1400239937.192182064056396
110.0543	1400239937.192353010177612
110.3623	1400239937.192524909973145
109.7464	1400239937.192696094512939
110.6703	1400239937.192867994308472
109.4383	1400239937.193041086196899
110.3623	1400239937.193212985992432
110.6703	1400239937.193383932113647
110.0543	1400239937.193557977676392
110.6703	1400239937.193769931793213
110.0543	1400239937.193945884704590
110.0543	1400239937.194118976593018
110.6703	1400239937.194293975830078
110.6703	1400239937.194554090499878
109.7464	1400239937.194761037826538
109.4383	1400239937.195043087005615
110.3623	1400239937.195226907730103
110.6703	1400239937.195396900177002
109.4383	1400239937.195564985275269
110.0543	1400239937.195732116699219
110.0543	1400239937.195899963378906
110.6703	1400239937.196067094802856
109.4383	1400239937.196234941482544
109.7464	1400239937.196402072906494
110.0543	1400239937.196607112884521
110.3623	1400239937.196849107742310
109.7464	1400239937.197071075439453
110.6703	1400239937.197242975234985
110.6703	1400239937.197458982467651
110.3623	1400239937.197643995285034
110.3623	1400239937.197839975357056
110.0543	1400239937.198007106781006
110.0543	1400239937.198174953460693
109.7464	1400239937.198342084884644
110.0543	1400239937.198509931564331
110.6703	1400239937.198677062988281
110.3623	1400239937.198843955993652
110.6703	1400239937.199157953262329
110.0543	1400239937.199331998825073
110.6703	1400239937.199527978897095
110.3623	1400239937.199697971343994
110.3623	1400239937.199866056442261
110.0543	1400239937.807990074157715
110.6703	1400239937.808185100555420
110.3623	1400239937.808357000350952
109.7464	1400239937.808526992797852
109.7464	1400239937.808696031570435
110.0543	1400239937.808862924575806
109.7464	1400239937.809029102325439
109.7464	1400239937.809195995330811
110.3623	1400239937.809364080429077
109.7464	1400239937.809530973434448
110.3623	1400239937.809699058532715
109.7464	1400239937.809865951538086
110.6703	1400239937.810033082962036
109.7464	1400239937.810200929641724
110.3623	1400239937.810368061065674
110.0543	1400239937.810534954071045
109.4383	1400239937.810700893402100
110.0543	1400239937.810868024826050
109.7464	1400239937.811064004898071
110.6703	1400239937.811230897903442
110.3623	1400239937.811398983001709
110.6703	1400239937.811567068099976
110.6703	1400239937.811734914779663
110.3623	1400239937.811918973922729
110.3623	1400239937.812087059020996
110.3623	1400239937.812253952026367
110.0543	1400239937.812419891357422
110.3623	1400239937.812589883804321
110.3623	1400239937.812757968902588
109.4383	1400239937.812925100326538
109.7464	1400239937.813090085983276
110.6703	1400239937.813256025314331
109.7464	1400239937.813422918319702
110.6703	1400239937.813590049743652
110.6703	1400239937.813757896423340
110.6703	1400239937.813925027847290
109.4383	1400239937.814091920852661
110.6703	1400239937.814263105392456
110.3623	1400239937.814429998397827
110.0543	1400239937.814595937728882
110.0543	1400239937.814762115478516
109.7464	1400239937.814976930618286
110.6703	1400239937.815150022506714
110.3623	1400239937.815318107604980
110.3623	1400239937.815485954284668
109.4383	1400239937.815651893615723
111.2862	1400239937.815819978713989
110.3623	1400239937.815985918045044
109.4383	1400239937.816154003143311
109.7464	1400239937.816319942474365
109.7464	1400239937.816487073898315
110.0543	1400239937.816652059555054
110.6703	1400239937.816817998886108
110.6703	1400239937.816984891891479
111.2862	1400239937.817153930664062
109.7464	1400239937.817321062088013
109.7464	1400239937.817552089691162
110.3623	1400239937.817730903625488
109.7464	1400239937.817900896072388
110.0543	1400239937.818068981170654
110.6703	1400239937.818237066268921
110.6703	1400239937.818406105041504
110.3623	1400239937.818572998046875
109.4383	1400239937.818741083145142
109.7464	1400239937.818922042846680
110.6703	1400239937.819156885147095
109.7464	1400239937.819329977035522
110.3623	1400239937.819498062133789
109.4383	1400239937.819665908813477
110.3623	1400239937.819834947586060
110.3623	1400239937.820002079010010
110.0543	1400239937.820168972015381
109.7464	1400239937.820352077484131
110.6703	1400239937.820518970489502
109.7464	1400239937.820686101913452
110.6703	1400239937.820853948593140
110.0543	1400239937.821019887924194
110.3623	1400239937.821187019348145
109.7464	1400239937.821353912353516
110.6703	1400239937.821520090103149
109.7464	1400239937.821686983108521
109.7464	1400239937.821854114532471
109.4383	1400239937.822020053863525
110.6703	1400239937.822185993194580
110.3623	1400239937.822351932525635
109.7464	1400239937.822519063949585
110.0543	1400239937.822686910629272
110.0543	1400239937.822854042053223
109.4383	1400239937.823036909103394
110.6703	1400239937.823204994201660
109.7464	1400239937.823371887207031
110.6703	1400239937.823539018630981
110.6703	1400239937.823705911636353
110.6703	1400239937.823872089385986
109.7464	1400239937.824038982391357
109.7464	1400239937.824206113815308
110.3623	1400239937.824372053146362
110.0543	1400239937.824538946151733
109.7464	1400239937.824706077575684
110.6703	1400239937.824872970581055
109.7464	1400239937.825040102005005
109.4383	1400239937.825206995010376
109.7464	1400239937.825373888015747
109.7464	1400239937.825541019439697
109.4383	1400239937.825706958770752
109.7464	1400239937.825874090194702
110.6703	1400239937.826041936874390
109.4383	1400239937.826208114624023
109.4383	1400239937.826375007629395
109.7464	1400239937.826541900634766
109.4383	1400239937.826709032058716
110.6703	1400239937.826874971389771
110.3623	1400239937.827150106430054
110.0543	1400239937.827339887619019
110.0543	1400239937.827512979507446
110.6703	1400239937.827682971954346
109.7464	1400239937.827852964401245
109.7464	1400239937.828020095825195
110.0543	1400239937.828187942504883
109.1304	1400239937.828353881835938
110.3623	1400239937.828524112701416
110.3623	1400239937.828707933425903
109.7464	1400239937.828876018524170
110.6703	1400239937.829044103622437
110.0543	1400239937.829210042953491
110.3623	1400239937.829377889633179
110.6703	1400239937.829545021057129
109.4383	1400239937.829711914062500
110.3623	1400239937.829879999160767
110.6703	1400239937.830046892166138
109.7464	1400239937.830224037170410
110.3623	1400239937.830406904220581
110.6703	1400239937.830590963363647
109.7464	1400239937.830760002136230
109.7464	1400239937.830971002578735
109.4383	1400239937.831141948699951
110.6703	1400239937.831307888031006
110.6703	1400239937.831516981124878
110.6703	1400239937.831687927246094
110.6703	1400239937.831856966018677
110.3623	1400239937.832048892974854
109.4383	1400239937.832218885421753
109.7464	1400239937.832401990890503
110.6703	1400239937.832582950592041
110.6703	1400239937.832751035690308
110.0543	1400239937.832917928695679
110.3623	1400239937.833090066909790
109.7464	1400239937.833259105682373
109.7464	1400239937.833425998687744
110.0543	1400239937.833595037460327
109.4383	1400239937.833760976791382
110.3623	1400239937.833929061889648
109.7464	1400239937.834095954895020
110.6703	1400239937.834263086318970
110.6703	1400239937.834429979324341
110.0543	1400239937.834597110748291
110.0543	1400239937.834764957427979
109.7464	1400239937.834969997406006
110.6703	1400239937.835140943527222
110.0543	1400239937.835308074951172
110.6703	1400239937.835474014282227
110.3623	1400239937.835643053054810
110.0543	1400239937.835820913314819
109.7464	1400239937.835987091064453
110.3623	1400239937.836153984069824
110.6703	1400239937.836321115493774
109.7464	1400239937.836488008499146
109.7464	1400239937.836656093597412
110.3623	1400239937.836826086044312
109.4383	1400239937.836992979049683
109.7464	1400239937.837219953536987
110.3623	1400239937.837388038635254
109.7464	1400239937.837555885314941
109.4383	1400239937.837723016738892
110.6703	1400239937.837891101837158
109.4383	1400239937.838057041168213
110.0543	1400239937.838223934173584
109.7464	1400239937.838391065597534
109.4383	1400239937.838557004928589
109.4383	1400239937.838725090026855
109.4383	1400239937.838963985443115
110.6703	1400239937.839190959930420
110.3623	1400239937.839401960372925
110.3623	1400239937.839612960815430
110.6703	1400239937.839818000793457
109.4383	1400239937.840020895004272
109.4383	1400239937.840225934982300
110.3623	1400239937.840429067611694
110.0543	1400239937.855453968048096
109.7464	1400239937.862803936004639
109.4383	1400239937.890028953552246
110.3623	1400239937.927923917770386
109.4383	1400239937.959450006484985
110.6703	1400239937.992188930511475
110.6703	1400239938.022778034210205
110.3623	1400239938.057918071746826
109.7464	1400239938.087447881698608
110.6703	1400239938.127302885055542
110.3623	1400239938.163309097290039
109.4383	1400239938.192270994186401
110.3623	1400239938.223059892654419
110.0543	1400239938.427370071411133
110.3623	1400239938.427573919296265
109.7464	1400239938.427774906158447
110.0543	1400239938.427956104278564
109.4383	1400239938.428136110305786
109.7464	1400239938.428318977355957
110.3623	1400239938.428519964218140
110.0543	1400239938.460496902465820
110.3623	1400239938.492505073547363
109.4383	1400239938.526828050613403
110.3623	1400239938.558048009872437
110.3623	1400239938.590080022811890
110.0543	1400239938.622052907943726
110.6703	1400239938.654485940933228
109.7464	1400239938.686084032058716
110.6703	1400239938.728606939315796
110.3623	1400239938.948455095291138
110.6703	1400239938.948801994323730
110.3623	1400239938.949122905731201
110.3623	1400239938.949400901794434
110.6703	1400239938.949665069580078
110.6703	1400239938.949914932250977
110.6703	1400239938.960275888442993
110.3623	1400239938.989943981170654
111.2862	1400239939.021919965744019
109.7464	1400239939.054383993148804
110.3623	1400239939.086383104324341
110.0543	1400239939.099100112915039
110.6703	1400239939.132883071899414
109.7464	1400239939.165852069854736
110.6703	1400239939.194811105728149
109.4383	1400239939.228079080581665
110.3623	1400239939.260617017745972
109.7464	1400239939.295180082321167
109.7464	1400239939.327660083770752
110.6703	1400239939.360235929489136
109.7464	1400239939.571587085723877
110.6703	1400239939.571875095367432
110.6703	1400239939.572174072265625
110.0543	1400239939.572501897811890
110.0543	1400239939.572804927825928
109.7464	1400239939.573055982589722
109.4383	1400239939.600174903869629
109.7464	1400239939.627370119094849
110.3623	1400239939.655579090118408
111.2862	1400239939.701569080352783
110.0543	1400239939.728744029998779
110.6703	1400239939.759130954742432
110.6703	1400239939.789969921112061
109.4383	1400239939.822211027145386
110.6703	1400239939.854099035263062
110.6703	1400239939.868232965469360
110.3623	1400239939.904561996459961
109.7464	1400239939.931385040283203
110.6703	1400239939.962833881378174
110.3623	1400239939.994867086410522
109.4383	1400239940.027324914932251
110.6703	1400239940.061132907867432
110.6703	1400239940.095165967941284
110.6703	1400239940.126132011413574
110.0543	1400239940.158085107803345
109.7464	1400239940.190105915069580
109.4383	1400239940.223474025726318
110.3623	1400239940.253961086273193
110.6703	1400239940.296031951904297
109.7464	1400239940.326483964920044
110.0543	1400239940.360074043273926
110.6703	1400239940.391556024551392
109.7464	1400239940.425148963928223
110.3623	1400239940.455171108245850
111.2862	1400239940.494849920272827
109.7464	1400239940.541326045989990
110.3623	1400239940.561219930648804
110.0543	1400239940.593405008316040
110.3623	1400239940.623521089553833
110.3623	1400239941.236668109893799
109.7464	1400239941.237212896347046
110.6703	1400239941.237591028213501
110.0543	1400239941.237936973571777
109.7464	1400239941.238295078277588
110.3623	1400239941.238634109497070
110.0543	1400239941.239023923873901
109.7464	1400239941.239377021789551
109.7464	1400239941.239801883697510
110.0543	1400239941.240092992782593
110.3623	1400239941.240392923355103
110.6703	1400239941.240694046020508
110.3623	1400239941.241004943847656
110.0543	1400239941.241269111633301
109.7464	1400239941.241523027420044
110.0543	1400239941.241743087768555
109.4383	1400239941.241955995559692
110.6703	1400239941.242168903350830
109.4383	1400239941.242347955703735
109.4383	1400239941.265150070190430
110.6703	1400239941.295792102813721
110.3623	1400239941.328253984451294
110.6703	1400239941.359939098358154
109.7464	1400239941.390819072723389
110.6703	1400239941.423527002334595
109.4383	1400239941.440989971160889
110.3623	1400239941.468826055526733
110.6703	1400239941.651487112045288
110.3623	1400239941.651838064193726
109.7464	1400239941.652164936065674
109.7464	1400239941.652441024780273
110.3623	1400239941.652697086334229
110.3623	1400239941.664273977279663
110.3623	1400239941.695591926574707
109.4383	1400239941.726155042648315
109.7464	1400239941.758213996887207
110.3623	1400239941.791238069534302
110.3623	1400239941.822369098663330
110.3623	1400239941.863239049911499
109.7464	1400239941.894861936569214
110.6703	1400239941.927881956100464
110.0543	1400239941.958580970764160
110.6703	1400239941.990381956100464
109.4383	1400239942.030611991882324
110.6703	1400239942.062598943710327
110.6703	1400239942.094079017639160
109.4383	1400239942.125124931335449
109.7464	1400239942.160254955291748
109.7464	1400239942.190438985824585
110.3623	1400239942.204652070999146
109.7464	1400239942.235240936279297
110.6703	1400239942.268285036087036
110.6703	1400239942.299262046813965
109.7464	1400239942.331243991851807
110.6703	1400239942.364423036575317
110.6703	1400239942.394969940185547
110.0543	1400239942.431339979171753
109.4383	1400239942.464235067367554
110.6703	1400239942.494170904159546
110.6703	1400239942.526108026504517
110.0543	1400239942.691348075866699
110.6703	1400239942.691644906997681
109.7464	1400239942.691927909851074
110.3623	1400239942.692214965820312
110.0543	1400239942.697067975997925
110.6703	1400239942.727679014205933
110.3623	1400239942.758955955505371
110.6703	1400239942.790750980377197
110.6703	1400239942.832051038742065
110.3623	1400239942.862133026123047
109.7464	1400239942.895498037338257
110.6703	1400239942.926011085510254
110.6703	1400239942.959023952484131
109.7464	1400239943.107496023178101
110.0543	1400239943.107860088348389
109.4383	1400239943.108182907104492
109.4383	1400239943.108515977859497
110.6703	1400239943.108766078948975
109.4383	1400239943.131019115447998
109.4383	1400239943.163516998291016
109.7464	1400239943.194904088973999
110.3623	1400239943.231276035308838
110.0543	1400239943.262747049331665
109.7464	1400239943.294058084487915
109.7464	1400239943.326736927032471
110.3623	1400239943.358158111572266
109.4383	1400239943.399485111236572
109.4383	1400239943.431477069854736
110.0543	1400239943.463021039962769
109.7464	1400239943.495207071304321
109.7464	1400239943.526783943176270
110.0543	1400239943.558692932128906
110.6703	1400239943.598861932754517
110.3623	1400239943.630588054656982
109.7464	1400239943.835366010665894
110.6703	1400239943.835568904876709
110.6703	1400239943.835746049880981
110.3623	1400239943.835921049118042
109.4383	1400239943.836093902587891
110.6703	1400239943.836267948150635
109.4383	1400239943.836473941802979
109.7464	1400239943.868319988250732
110.6703	1400239944.043548107147217
110.0543	1400239944.043797016143799
110.6703	1400239944.044034957885742
110.3623	1400239944.044267892837524
110.6703	1400239944.044523000717163
110.3623	1400239944.063648939132690
110.0543	1400239944.251471042633057
110.3623	1400239944.251763105392456
110.6703	1400239944.252042055130005
109.7464	1400239944.252315044403076
109.4383	1400239944.252551078796387
109.7464	1400239944.264851093292236
110.6703	1400239944.296617031097412
110.3623	1400239944.326766967773438
110.0543	1400239944.358798027038574
109.7464	1400239944.398664951324463
110.6703	1400239944.563395977020264
110.0543	1400239944.563729047775269
109.4383	1400239944.564068078994751
110.3623	1400239944.564385890960693
109.4383	1400239944.564795017242432
110.6703	1400239944.572896957397461
110.6703	1400239944.771455049514771
110.0543	1400239944.771755933761597
110.3623	1400239944.772042989730835
110.3623	1400239944.772305965423584
109.4383	1400239944.772566080093384
110.0543	1400239944.772908926010132
109.7464	1400239944.799757957458496
110.3623	1400239944.830136060714722
110.3623	1400239944.862271070480347
110.0543	1400239944.894993066787720
110.3623	1400239944.926126003265381
110.6703	1400239944.968691110610962
110.6703	1400239945.187572002410889
109.4383	1400239945.187896013259888
110.0543	1400239945.188180923461914
109.7464	1400239945.188457965850830
110.6703	1400239945.188721895217896
110.3623	1400239945.188966035842896
109.7464	1400239945.200539112091064
110.3623	1400239945.230307102203369
110.0543	1400239945.262080907821655
109.4383	1400239945.294678926467896
109.4383	1400239945.502168893814087
110.3623	1400239945.502485990524292
110.6703	1400239945.502767086029053
110.3623	1400239945.503076076507568
110.3623	1400239945.503343105316162
109.4383	1400239945.503609895706177
110.6703	1400239945.503843069076538
110.6703	1400239945.536636114120483
110.6703	1400239945.568516016006470
110.6703	1400239945.597980022430420
110.6703	1400239945.635310888290405
110.3623	1400239945.695521116256714
110.6703	1400239945.695894002914429
110.3623	1400239945.727365970611572
110.0543	1400239945.767164945602417
109.4383	1400239945.800112962722778
109.4383	1400239945.830965995788574
109.7464	1400239945.863667011260986
110.6703	1400239945.895097970962524
110.3623	1400239945.927048921585083
109.7464	1400239945.966757059097290
109.4383	1400239945.998476028442383
110.6703	1400239946.030014991760254
110.3623	1400239946.061877965927124
109.7464	1400239946.094022035598755
109.7464	1400239946.106967926025391
110.0543	1400239946.139461994171143
110.0543	1400239946.171299934387207
110.6703	1400239946.203135013580322
110.3623	1400239946.235033035278320
109.7464	1400239946.267410039901733
109.7464	1400239946.301122903823853
109.7464	1400239946.335261106491089
110.0543	1400239946.366847038269043
110.6703	1400239946.398109912872314
110.6703	1400239946.430140972137451
109.4383	1400239946.463840961456299
110.6703	1400239946.494024991989136
110.6703	1400239946.536060094833374
109.7464	1400239946.567236900329590
110.0543	1400239946.600771903991699
109.7464	1400239946.631688117980957
110.3623	1400239947.274138927459717
109.7464	1400239947.274431943893433
110.6703	1400239947.274713039398193
110.3623	1400239947.275029897689819
109.7464	1400239947.275293111801147
109.7464	1400239947.275554895401001
109.4383	1400239947.275814056396484
109.4383	1400239947.276083946228027
110.3623	1400239947.276335954666138
110.6703	1400239947.276593923568726
110.0543	1400239947.276856899261475
110.3623	1400239947.277117967605591
110.6703	1400239947.277379035949707
109.7464	1400239947.277636051177979
109.7464	1400239947.277870893478394
110.3623	1400239947.278086900711060
110.6703	1400239947.278318881988525
110.3623	1400239947.278592109680176
110.3623	1400239947.278819084167480
109.7464	1400239947.278999090194702
110.0543	1400239947.295620918273926
110.0543	1400239947.335400104522705
109.7464	1400239947.366419076919556
110.0543	1400239947.398807048797607
110.3623	1400239947.996860980987549
110.6703	1400239947.997211933135986
110.3623	1400239947.997541904449463
110.3623	1400239947.997817039489746
110.6703	1400239947.998078107833862
110.3623	1400239947.998383045196533
110.6703	1400239947.998641014099121
110.0543	1400239947.998929977416992
109.4383	1400239947.999209880828857
110.3623	1400239947.999509096145630
109.7464	1400239947.999780893325806
109.7464	1400239948.000005960464478
110.0543	1400239948.000228881835938
110.6703	1400239948.000525951385498
110.6703	1400239948.000754117965698
110.6703	1400239948.001019001007080
109.7464	1400239948.001235961914062
110.6703	1400239948.001487970352173
109.4383	1400239948.001614093780518
109.4383	1400239948.031405925750732
110.6703	1400239948.062989950180054
109.7464	1400239948.103377103805542
110.6703	1400239948.135593891143799
110.0543	1400239948.168602943420410
109.7464	1400239948.307858943939209
110.6703	1400239948.308231115341187
109.7464	1400239948.308547973632812
109.7464	1400239948.308820962905884
110.3623	1400239948.336404085159302
110.0543	1400239948.366934061050415
110.6703	1400239948.405270099639893
110.3623	1400239948.432107925415039
109.7464	1400239949.301687002182007
110.3623	1400239949.301976919174194
110.3623	1400239949.302278041839600
109.7464	1400239949.302623033523560
109.7464	1400239949.302979946136475
111.2862	1400239949.303250074386597
110.0543	1400239949.303507089614868
110.3623	1400239949.303800106048584
110.3623	1400239949.304071903228760
109.7464	1400239949.304323911666870
111.2862	1400239949.304584980010986
109.7464	1400239949.304882049560547
110.6703	1400239949.305110931396484
110.0543	1400239949.305327892303467
110.6703	1400239949.305603027343750
110.0543	1400239949.305855035781860
110.3623	1400239949.306080102920532
109.7464	1400239949.306296110153198
109.7464	1400239949.306519031524658
110.6703	1400239949.306771993637085
109.4383	1400239949.307017087936401
109.4383	1400239949.307274103164673
109.7464	1400239949.307507991790771
110.0543	1400239949.307817935943604
109.7464	1400239949.308054924011230
110.3623	1400239949.308309078216553
110.3623	1400239949.311510086059570
110.0543	1400239949.341110944747925
