1.1282498837	105.1268
1.1287000179	105.7427
1.1290500164	105.7427
1.1293699741	104.5108
1.1297199726	105.4347
1.1300299168	104.5108
1.1303899288	104.2029
1.1306900978	103.2789
1.1309800148	101.1232
1.1312699318	99.58329
1.131649971	99.27532
1.131939888	98.65939
1.1322100163	98.35143
1.1324799061	97.11951
1.1327400208	96.50358
1.1329898834	96.19562
1.1332299709	95.88765
1.1335101128	94.65574
1.1337499619	94.03981
1.1339800358	93.73184
1.1342101097	93.11591
1.1345200539	93.42388
1.1347498894	91.57603
1.1349599361	90.03621
1.1351699829	90.34417
1.1354100704	90.9601
1.1356399059	88.80429
1.1358599663	88.18836
1.1360499859	87.57243
1.1362299919	86.64848
1.1364600658	86.03255
1.1366300583	85.72458
1.1367900372	85.10865
1.136950016	85.10865
1.1370999813	86.9565
1.137239933	87.88039
1.1373898983	88.49632
1.1709198952	88.49632
1.1711900234	90.34417
2.3119699955	89.72824
2.3124299049	90.34417
2.3127999306	92.80795
2.3131198883	93.11591
2.3134400845	93.42388
2.3138799667	94.03981
2.3141899109	95.88765
2.3145799637	95.27167
2.3149399757	96.81155
2.3152599335	98.35143
2.3156599998	97.73544
2.3159499168	98.35143
2.3162300587	98.65939
2.3165400028	100.1992
2.3168098927	101.4311
2.3170700073	102.0471
2.3173499107	102.971
2.3176000118	103.5869
2.3178400993	103.5869
2.3181200027	104.5108
2.3183500767	105.7427
2.3185799122	106.6667
2.3187999725	107.2826
2.3190200329	107.8985
2.3192300797	107.5905
2.3196699619	107.5905
2.3198900223	107.8985
2.3200800419	108.2065
2.3202700615	107.8985
2.3204500675	108.2065
2.3207700253	108.2065
2.3209400177	107.8985
2.3210999966	108.2065
2.3212599754	107.8985
2.3214099407	108.2065
2.321559906	108.2065
2.3217000961	107.8985
2.3218300343	108.2065
2.3219799995	107.8985
2.3221199512	107.8985
3.1788499355	107.8985
3.1791400909	107.8985
3.1795101166	107.8985
3.1797599792	107.5905
3.1801099777	107.8985
3.1803600788	109.1304
3.1805899143	109.1304
3.1808600426	110.6703
3.1810100079	110.6703
3.1811900139	112.5181
3.1814799309	111.9021
3.1816999912	112.8261
3.1819400787	113.134
3.1821401119	113.75
3.1823599339	114.0579
3.182559967	114.3659
3.1827299595	115.9058
3.1829099655	115.9058
3.183079958	116.8297
3.1833999157	117.7536
3.1835899353	117.4456
3.1837399006	118.3695
3.1839499474	118.6775
3.1840999126	119.9094
3.1842501163	121.7572
3.1844000816	120.8333
3.1845800877	122.3731
3.2128100395	122.3731
3.4046800137	122.9891
3.4049499035	123.297
3.4051399231	122.9891
5.8102300167	123.913
5.8106400967	123.605
5.810970068	123.605
5.8112800121	123.605
5.8116800785	125.1449
5.8120100498	124.8369
5.8123700619	125.1449
5.8126499653	126.6848
5.8129301071	125.7608
5.8131999969	126.0688
5.8135099411	126.9927
5.8137700558	126.6848
5.8140199184	126.6848
5.8142800331	127.6087
5.8145198822	128.8405
5.8147599697	128.2246
5.8149900436	129.1485
5.815210104	128.5326
5.8154799938	128.8405
5.8157200813	129.7645
5.8159298897	128.5326
5.8161699772	129.7645
5.816380024	129.1485
5.8165700436	128.2246
5.8167901039	129.1485
5.8169701099	128.5326
5.817150116	128.5326
5.8173298836	128.5326
5.8175001144	129.1485
5.8176600933	127.9166
5.8178501129	129.1485
5.8180100918	127.9166
5.8181600571	128.5326
5.8183000088	129.1485
6.4308400154	128.2246
6.4310700893	128.5326
6.4312200546	128.5326
6.4313900471	129.7645
6.4411199093	128.5326
6.4415700436	128.5326
6.4418900013	127.9166
6.4421799183	128.2246
6.4424700737	128.8405
6.4427399635	129.1485
6.4430000782	127.9166
6.4432499409	128.2246
6.4435799122	128.5326
6.4438300133	129.1485
6.4440801144	128.8405
6.4444100857	128.8405
6.444619894	128.2246
6.4448699951	127.9166
6.4450700283	127.9166
6.4452900887	128.5326
6.4454700947	128.5326
6.445679903	128.2246
6.4458498955	129.1485
6.4460198879	128.5326
6.4461801052	127.9166
6.4463400841	128.8405
6.4465200901	128.5326
6.4672698975	129.1485
6.4675600529	127.9166
7.055670023	128.5326
7.056030035	127.9166
7.0563299656	128.5326
7.0566101074	128.2246
7.0568900108	128.5326
7.0571699142	129.1485
7.0574800968	128.5326
7.0578000546	128.8405
7.0580599308	128.2246
7.0583200455	129.1485
7.0585699081	128.8405
7.0588200092	128.2246
7.0590898991	127.9166
7.059319973	128.2246
7.0596001148	128.2246
7.0598499775	127.6087
7.0617001057	128.8405
7.0619199276	127.9166
7.0621199608	127.9166
7.0623099804	128.2246
7.0625300407	129.1485
7.0627100468	128.5326
7.0628900528	128.2246
7.0631000996	129.1485
7.0632600784	128.2246
7.0634601116	127.9166
7.0636301041	128.8405
7.0637800694	129.1485
7.0639200211	127.9166
7.0640599728	128.2246
7.0641899109	127.9166
7.1233000755	128.8405
7.1238899231	127.9166
7.1242098808	128.8405
7.1244699955	129.1485
7.1247200966	127.9166
7.1250300407	128.2246
7.1252799034	128.5326
7.1255199909	128.8405
7.1258099079	128.2246
7.1259999275	128.8405
7.1262199879	128.2246
7.1263999939	128.8405
7.1265799999	128.8405
7.1267700195	127.9166
7.1269600391	127.9166
7.127120018	127.9166
7.1272799969	127.9166
8.7220599651	127.9166
8.7223000526	127.9166
8.7224900723	127.9166
8.7226500511	127.9166
8.7228200436	127.6087
8.7229800224	126.3767
8.723170042	125.7608
8.7338900566	125.1449
8.73416996	125.4529
8.7343800068	122.9891
8.7345700264	121.7572
8.7347500324	119.2934
8.7349200249	116.8297
8.7351100445	114.6739
8.7413198948	113.134
8.7415599823	111.5941
8.7417700291	107.8985
8.7425999641	106.3586
8.7428100109	103.8949
8.7430200577	101.4311
8.7743899822	98.96736
8.7746300697	96.81155
8.7747900486	94.65574
8.7749500275	93.11591
8.7750899792	92.80795
8.7752299309	89.72824
8.7841300964	86.03255
8.7843999863	83.26081
8.7845799923	82.02895
8.7847399712	81.105
8.78489995	77.71732
8.7867600918	75.86954
8.7869598866	73.71372
8.7871100903	71.24995
9.5513501167	69.71007
9.5517499447	68.78617
9.5519800186	67.55431
9.552200079	66.3224
9.5525000095	62.62676
9.5527501106	59.54705
9.5529499054	58.93112
9.5531599522	58.62316
9.5533599854	58.31514
9.553550005	58.62316
9.553730011	58.00717
9.5539000034	58.00717
9.5541000366	58.93112
9.5542600155	58.00717
9.5544700623	58.31514
9.5546200275	58.31514
9.5547699928	58.62316
9.5549099445	58.62316
9.5815999508	57.08328
9.5818500519	55.85142
9.5889298916	54.92747
9.589220047	56.15938
9.5894100666	54.92747
9.5895600319	54.00357
9.5897400379	54.00357
9.5900099277	52.77166
9.5903201103	52.46369
9.590569973	52.46369
9.5908401012	52.46369
9.5910799503	52.77166
9.5913000107	51.23183
9.5916500092	50.92387
9.5918800831	49.27529
9.592099905	48.91301
9.5922999382	48.18834
9.5924999714	47.82605
9.5927000046	46.7391
9.5929300785	46.01442
9.5931100845	46.01442
9.5932900906	44.56518
9.593460083	44.56518
9.5936300755	44.20284
9.5938000679	42.75354
9.5939500332	42.75354
9.5941100121	41.66664
9.5942699909	41.66664
9.5944499969	40.57968
10.070679903	40.21735
10.0709700584	39.49273
10.0711801052	38.76805
10.0714700222	38.04343
10.071680069	37.68109
10.0719199181	36.95647
10.0721099377	36.95647
10.0722899437	36.23185
10.0724599361	35.14489
10.0726299286	34.42022
10.0727899075	33.6956
10.0729498863	34.05793
10.07310009	34.05793
10.0732800961	33.33331
10.0734200478	33.6956
10.0735599995	33.33331
10.0868000984	33.6956
10.0870499611	33.33331
10.08720994	32.97098
10.902369976	33.33331
10.9027400017	33.6956
10.9030199051	33.6956
10.9032700062	33.33331
10.9035799503	33.33331
10.9038300514	34.42022
10.9040899277	32.97098
10.9043200016	34.05793
10.9045801163	34.05793
10.9047999382	35.14489
10.905009985	35.50717
10.9052100182	35.86951
10.9054000378	35.86951
10.905600071	35.86951
10.9058198929	36.23185
10.9059998989	36.95647
10.9061799049	36.95647
10.9063398838	36.95647
10.9065101147	36.59413
10.9066700935	36.95647
10.9069099426	38.76805
10.9070899487	38.04343
10.9072399139	38.76805
11.6307599545	38.40577
11.6309800148	38.76805
11.6311299801	38.76805
11.6351799965	40.21735
11.6355400085	40.57968
11.6357700825	41.66664
11.6359798908	42.02892
11.6362099648	43.11588
11.6363999844	42.75354
11.636590004	45.2898
11.6367599964	45.2898
11.6369900703	44.56518
11.6371600628	46.01442
11.6373200417	46.01442
11.6375000477	46.7391
11.637650013	47.10138
11.6377999783	48.18834
11.63793993	50.30794
11.6522901058	50.30794
11.6526300907	49.63763
11.6527900696	51.23183
11.6529400349	51.5398
11.6530799866	52.46369
11.6532399654	52.77166
11.6534199715	53.69561
11.6535599232	54.00357
11.6902399063	54.6195
11.718569994	54.92747
11.7449998856	55.5434
11.7569899559	56.46735
11.7664299011	56.77531
11.8196799755	58.31514
11.8261198997	58.62316
11.8779199123	58.00717
11.8879499435	58.93112
11.9226500988	60.16298
11.9520199299	61.3949
11.9849801064	61.3949
12.0175499916	62.01083
12.0494699478	63.55065
12.0805599689	64.16664
12.1126899719	65.09054
12.1526999474	66.3224
12.1855800152	67.24635
12.2170600891	67.55431
12.2495999336	68.47821
12.2832000256	69.71007
12.3148400784	70.94198
12.3514499664	70.94198
12.385529995	71.24995
12.4180500507	72.48181
12.4525899887	73.71372
12.4814898968	74.32965
12.513119936	75.56157
12.5269899368	75.86954
12.5587799549	76.1775
12.5911500454	77.10139
12.6235198975	78.33331
12.6546299458	78.94924
12.6887700558	79.87314
12.7218599319	81.105
12.7532000542	81.72098
12.7875099182	81.72098
12.8208699226	83.26081
12.8485200405	83.56877
12.8809299469	84.80069
12.9120299816	86.03255
12.9548799992	86.03255
12.9905200005	87.26446
13.0216500759	87.88039
13.0527300835	89.11225
13.084980011	89.72824
13.114109993	90.03621
13.151720047	90.65213
13.1855199337	91.88399
13.2181398869	93.42388
13.2533800602	94.65574
13.2814199924	94.65574
13.3130500317	95.57969
13.3278400898	96.81155
13.3605101109	97.73544
13.3914399147	97.42748
13.4235599041	99.58329
13.4570701122	99.58329
13.4878499508	100.1992
13.521009922	101.4311
13.5542099476	102.663
13.5848801136	102.663
13.6178300381	105.1268
13.64812994	104.5108
13.6837399006	105.7427
13.7207899094	105.7427
13.7536900043	107.2826
13.7883999348	107.5905
13.8183701038	108.2065
13.8497900963	108.5144
13.8812201023	109.1304
13.924200058	110.0543
13.9571900368	109.7464
13.9855699539	110.6703
14.0216500759	111.9021
14.056030035	112.5181
14.0802199841	113.134
14.0970599651	113.134
14.1276800632	114.0579
14.1584899426	115.5978
14.1921200752	114.9818
14.2225999832	115.5978
14.2547500134	117.4456
14.2869899273	118.0616
14.3204801083	117.4456
14.3534500599	118.0616
14.3884499073	118.9855
14.41802001	120.2173
14.4488399029	119.9094
14.4810800552	121.7572
14.5234899521	121.4493
14.5565400124	122.0652
14.5880200863	122.9891
14.6192700863	124.221
14.6512000561	123.605
14.6934900284	124.8369
14.7228000164	124.8369
14.753880024	125.4529
14.789730072	126.3767
14.8174700737	127.9166
14.8504900932	126.6848
14.8659000397	127.3007
14.8954401016	127.6087
14.9273300171	127.6087
14.9599699974	127.9166
14.9933099747	127.6087
15.0236799717	127.9166
15.0550899506	129.1485
15.0886600018	130.3804
15.1212399006	128.8405
15.1531898975	128.5326
15.1884698868	128.5326
15.2166800499	129.7645
15.2485699654	129.7645
15.2894799709	130.3804
15.3217000961	130.9963
15.3537900448	131.6123
15.3860599995	130.6884
15.4165999889	130.6884
15.449090004	130.3804
15.489000082	130.3804
15.5216500759	131.6123
15.5583000183	132.5362
15.5904400349	132.2283
15.6176400185	132.8442
15.6498401165	132.5362
15.6629900932	132.8442
15.6984400749	132.2283
15.7300300598	132.5362
15.7609400749	132.8442
15.7909998894	132.8442
15.8229000568	132.8442
15.8549799919	132.2283
15.8882000446	132.5362
15.9213700294	132.8442
15.9543099403	132.8442
15.9889600277	132.5362
16.017070055	132.5362
16.0564799309	132.5362
16.0944499969	132.5362
16.1242499352	132.5362
16.1542799473	132.5362
16.1895599365	131.9202
16.2169599533	132.5362
16.2565801144	132.8442
16.2893099785	131.9202
16.3240299225	132.5362
16.3538300991	131.3043
16.3855900764	132.2283
16.4172298908	131.6123
16.4309000969	131.6123
16.4629700184	130.3804
16.4952399731	131.6123
16.5303199291	131.6123
16.558909893	131.6123
16.5947699547	129.7645
16.624229908	130.3804
16.6570899487	129.1485
16.6930799484	130.0724
16.7272500992	129.1485
16.7553200722	130.0724
16.7849600315	128.5326
16.8186299801	128.2246
16.8567399979	127.9166
16.8894999027	126.9927
16.9225099087	126.6848
16.9542300701	126.0688
16.9860799313	125.4529
17.0179800987	124.8369
17.057199955	123.913
17.0899300575	124.8369
17.1264200211	124.221
17.1543400288	122.9891
17.184429884	121.7572
17.2187700272	121.4493
17.232049942	120.5253
17.2640900612	120.5253
17.296020031	119.6014
17.3299100399	118.6775
17.3588700294	119.2934
17.3903698921	117.7536
17.4239199162	116.8297
17.4573700428	116.5217
17.4899699688	117.4456
17.5248999596	115.5978
17.5530800819	115.5978
17.5847699642	114.9818
17.6284999847	112.8261
17.6622900963	112.5181
17.6957900524	111.9021
17.7299799919	111.2862
17.758699894	110.6703
17.7916998863	110.0543
17.8252100945	110.0543
17.8576500416	109.4383
17.8921499252	108.2065
17.9210600853	107.8985
17.952039957	106.6667
17.986579895	105.7427
18.0003800392	105.1268
18.0311200619	105.7427
18.0679299831	103.2789
18.0968298912	102.971
18.1276500225	101.4311
18.16395998	102.663
18.1916201115	100.5072
18.232049942	99.58329
18.257600069	100.1992
18.289550066	98.35143
18.3225400448	98.04341
18.3563699722	95.88765
18.384759903	95.27167
18.4251298904	95.27167
18.4581799507	93.73184
18.4896800518	93.11591
18.5220999718	91.57603
18.5587000847	91.57603
18.5853300095	90.03621
18.6247999668	89.72824
18.6613900661	89.72824
18.69520998	88.80429
18.7218000889	88.18836
18.7548599243	86.34051
18.7729198933	85.41662
18.7993900776	86.03255
18.8333899975	83.87674
18.865940094	83.26081
18.894659996	82.33691
18.9267399311	81.41302
18.9597499371	81.105
18.993170023	81.105
19.0264101028	79.56517
19.062969923	78.02529
19.0903999805	76.79343
19.1219000816	76.1775
19.1544399261	75.56157
19.1970500946	74.94558
19.2303700447	73.71372
19.2606399059	73.40576
19.2952198982	71.86588
19.3237199783	71.55791
19.3531301022	71.24995
19.3921000957	70.63402
19.4269399643	69.4021
19.458220005	68.47821
19.4923000336	68.17024
19.5208799839	66.93833
19.5523900986	66.3224
19.567679882	65.09054
19.6019001007	65.09054
19.6314001083	63.85862
19.6644699574	63.55065
19.697259903	62.31879
19.729170084	62.31879
19.7602000237	61.3949
19.7932600975	60.47095
19.825220108	59.54705
19.8593399525	58.93112
19.8899900913	58.62316
19.9208500385	58.00717
19.9522900581	57.69921
19.9936299324	56.77531
20.0256500244	56.15938
20.0579199791	55.23543
20.0912699699	55.23543
20.1215500832	54.31154
20.1600100994	54.00357
20.1936500072	52.77166
20.2274599075	52.46369
20.2608299255	51.5398
20.2909600735	51.5398
20.3210799694	50.30794
20.3348500729	49.63763
20.3669500351	49.63763
20.4018199444	48.91301
20.4316000938	48.55067
20.462690115	48.55067
20.4967598915	47.46372
20.5268900394	46.7391
20.5618600845	45.65214
20.5967199802	46.01442
20.6283500195	44.20284
20.6574099064	43.8405
20.6929700375	43.11588
20.7236199379	42.75354
20.7631800175	42.39126
20.7954900265	41.3043
20.8257501125	41.66664
20.8580400944	41.3043
20.8891899586	41.3043
20.9209198952	41.3043
20.9609200954	41.3043
20.9939599037	41.3043
21.0258500576	41.66664
21.0577499866	40.57968
21.0888900757	39.85501
21.1212699413	39.49273
21.1377699375	39.13039
21.1671099663	39.13039
21.1995699406	38.76805
21.2318899632	38.76805
21.2638099194	39.49273
21.2961699963	38.04343
21.3269701004	38.40577
21.3602900505	37.31881
21.3932700157	37.31881
21.4272298813	36.95647
21.4577100277	36.95647
21.4906299114	37.31881
21.5296299458	36.95647
21.5617399216	36.59413
21.5937199593	36.95647
21.6259601116	35.86951
21.6582798958	35.86951
21.6912400723	35.14489
21.7302498817	35.86951
21.7621200085	35.50717
21.794080019	34.42022
21.8268399239	34.42022
21.8578701019	34.05793
21.8888399601	35.14489
21.903069973	34.42022
21.9349200726	34.42022
21.9673900604	34.42022
22.0020000935	34.42022
22.0346701145	34.42022
22.0651199818	34.42022
22.0950798988	34.42022
22.1331999302	34.42022
22.1621999741	34.78255
22.1953101158	34.05793
22.225869894	34.42022
22.257119894	34.78255
22.2885699272	34.42022
22.3303000927	34.42022
22.361989975	34.42022
22.3939700127	35.50717
22.4264500141	35.86951
22.4569199085	36.59413
22.4891500473	36.95647
22.5322999954	36.95647
22.564150095	36.59413
22.5930700302	36.59413
22.6241900921	36.59413
22.6570498943	36.95647
22.6968901157	37.31881
22.7039499283	37.68109
22.7354199886	38.76805
22.7690000534	38.40577
22.7994499207	38.76805
22.8328499794	38.40577
22.8653700352	39.49273
22.8972699642	40.21735
22.9292500019	40.57968
22.9632298946	41.3043
22.9951899052	43.11588
23.0258700848	42.75354
23.0579500198	44.56518
23.0967600346	44.56518
23.129709959	44.56518
23.1666400433	45.65214
23.1938199997	46.01442
23.2274401188	46.37676
23.2605800629	47.46372
23.2969100475	48.18834
23.331209898	48.91301
23.3650300503	49.99997
23.3954501152	49.63763
23.4242100716	50.92387
23.4568800926	50.6159
23.4746201038	51.5398
23.5030798912	51.84776
23.5354700089	53.07968
23.5820300579	53.69561
23.5987501144	54.00357
23.6307399273	54.00357
23.6621398926	54.92747
23.7003099918	56.15938
23.73168993	56.15938
23.7625100613	56.77531
23.7940599918	57.08328
23.8281400204	57.69921
23.8621599674	58.62316
23.901599884	58.93112
23.9327499866	60.16298
23.9657199383	61.08688
23.9970800877	61.70287
24.0276401043	63.85862
24.0573000908	63.85862
24.0973899364	64.47461
24.1300899982	65.09054
24.1618800163	66.3224
24.1945500374	68.17024
24.225219965	67.55431
24.2390799522	69.71007
24.2711400986	69.71007
24.3057498932	70.94198
24.337280035	71.24995
24.3691399097	72.17384
24.4008500576	73.71372
24.432970047	74.63762
24.4654901028	74.32965
24.4992198944	75.56157
24.5302000046	76.48546
24.5626499653	77.10139
24.5930800438	78.64128
24.6246700287	79.56517
24.6646800041	79.87314
24.7032299042	80.1811
24.732749939	81.41302
24.7641999722	83.56877
24.7963900566	83.87674
24.8281700611	84.80069
24.8661100864	84.80069
24.8988699913	85.41662
26.2961299419	85.41662
26.2966399193	88.49632
26.2969999313	88.80429
26.2973198891	89.72824
26.2976500988	89.72824
26.298019886	90.9601
26.2983400822	92.19196
26.2986500263	91.57603
26.2989499569	92.49998
26.2992799282	94.65574
26.2996299267	94.65574
26.2999300957	94.65574
26.3002998829	95.88765
26.3005800247	97.11951
26.300839901	97.73544
26.3011000156	99.27532
26.3013501167	99.27532
26.3015999794	100.8151
26.3018400669	102.0471
26.3020899296	101.7391
26.3023200035	102.663
26.3025500774	103.2789
26.3028399944	105.4347
26.3030900955	105.1268
26.3032999039	106.6667
26.3036000729	106.9746
26.3038098812	107.8985
26.3040099144	109.1304
26.304199934	109.1304
26.3044500351	109.4383
26.3046300411	109.4383
26.3048000336	110.0543
26.3049900532	111.2862
26.305150032	111.9021
26.3053100109	111.9021
26.3054599762	112.8261
26.3056099415	113.134
26.3057899475	113.75
26.3458399773	114.0579
26.3461999893	114.3659
26.3464200497	116.5217
26.3466100693	116.5217
26.3468000889	118.0616
26.3470499516	117.4456
26.3696599007	118.0616
26.3999300003	118.9855
26.4115099907	118.9855
26.4399900436	119.2934
26.4668900967	120.2173
26.5009200573	120.2173
26.5360300541	122.6811
26.5617499352	121.7572
27.8551599979	122.9891
27.8556199074	123.605
27.8559598923	123.913
27.8562800884	125.1449
27.8566300869	125.4529
27.856990099	126.6848
27.8572900295	126.3767
27.8575799465	126.0688
27.8578600883	127.6087
27.8581399918	127.3007
27.8584599495	126.3767
27.8587400913	126.6848
27.8589999676	127.9166
27.859349966	128.5326
27.8596799374	128.5326
27.859940052	130.3804
27.8601799011	128.5326
27.860460043	129.7645
27.8606901169	128.8405
27.8609199524	128.8405
27.8611400127	129.1485
27.8613600731	129.1485
27.8616399765	130.3804
27.8618600369	130.3804
27.86206007	131.3043
27.8622500896	130.3804
27.8624401093	131.3043
27.8626298904	131.6123
27.86281991	130.6884
27.8629999161	131.6123
27.8631699085	132.2283
27.8633298874	132.8442
27.8635699749	132.5362
27.8637299538	132.2283
27.8638699055	132.2283
27.8640100956	132.5362
27.9035699368	134.076
27.903840065	134.076
27.904129982	133.4601
27.9043300152	134.076
27.904540062	133.1521
28.2809998989	133.4601
28.2813301086	133.7681
28.2816300392	133.7681
28.2818698883	133.1521
28.2820899487	134.076
28.28241992	133.4601
28.2826700211	133.4601
28.2828800678	134.076
28.2830700874	132.8442
28.2832698822	132.5362
28.2835099697	132.8442
28.2837600708	132.8442
28.2994101048	132.5362
28.33562994	132.5362
28.3430900574	132.2283
28.37458992	131.6123
28.4074699879	130.9963
28.4365899563	130.9963
28.4660201073	131.3043
28.4970700741	131.6123
28.5281898975	130.6884
28.5700800419	132.2283
28.6020898819	130.9963
28.6356298923	130.0724
28.6660599709	129.7645
28.7014000416	129.7645
28.7337300777	129.1485
28.7684400082	130.3804
28.803139925	129.7645
28.8341600895	130.3804
28.8659598827	127.6087
28.8971800804	127.6087
28.9298698902	126.6848
28.9432001114	127.9166
28.9750299454	125.4529
29.007529974	125.4529
29.0397799015	124.529
29.0718200207	124.8369
29.1077899933	123.605
29.1372001171	123.297
29.1692900658	122.3731
29.201390028	122.9891
29.2355799675	120.8333
29.2659599781	120.5253
29.2969200611	119.9094
29.3291800022	119.2934
29.3690199852	119.2934
29.404599905	118.0616
29.4341499805	117.4456
29.4676198959	116.2137
29.4972798824	115.9058
29.5366199017	116.2137
29.5725600719	115.2898
29.6016499996	115.5978
29.6335399151	113.75
29.6689200401	113.134
29.7029399872	113.134
29.7121200562	112.8261
29.7449998856	112.2101
29.7745399475	111.5941
29.8074901104	110.3623
29.8416500092	110.6703
29.8717501163	109.4383
29.9036800861	108.2065
29.9374001026	108.2065
29.9700200558	106.6667
30.0019299984	105.4347
30.0335800648	104.5108
30.0655200481	104.5108
30.0978300571	102.971
30.1379098892	102.663
30.1705300808	102.0471
30.201499939	100.5072
30.2338900566	100.5072
30.2663400173	98.65939
30.3011200428	98.96736
30.3373000622	98.35143
30.3712599277	97.11951
30.4037899971	95.88765
30.43343997	95.57969
30.4646100998	94.65574
30.4970901012	94.65574
30.5112400055	93.11591
30.5429000854	91.57603
30.5756099224	90.9601
30.607640028	89.72824
30.6418800354	89.42022
30.674259901	89.42022
30.70581007	87.88039
30.737279892	87.26446
30.76947999	87.26446
30.8049499989	86.03255
30.8368999958	85.72458
30.8650200367	84.18476
30.9048500061	83.26081
30.940500021	82.64488
30.9716999531	81.72098
31.0030601025	80.79703
31.0369000435	81.105
31.0702600479	78.94924
31.1051499844	78.33331
31.139770031	78.64128
31.1744298935	77.40936
31.2023200989	76.1775
31.2324399948	76.1775
31.2661499977	73.71372
31.279779911	73.09779
31.314729929	73.71372
31.3436999321	73.71372
31.377710104	71.24995
31.4076099396	70.01809
31.4388999939	69.71007
31.4725399017	68.47821
31.5055100918	68.47821
31.5374600887	67.86228
31.5695099831	66.3224
31.6018800735	65.09054
31.6333899498	64.16664
31.6671600342	63.55065
31.7052199841	62.62676
31.7397201061	62.62676
31.7700500488	61.08688
31.8994300365	60.77891
31.8996400833	60.16298
31.8997900486	60.16298
31.9058001041	58.93112
31.9377501011	58.00717
31.9693601131	58.31514
32.0037200451	57.08328
32.0338599682	55.85142
32.0670199394	54.92747
32.0800700188	54.92747
32.1117200851	54.00357
32.1437499523	53.69561
32.1820700169	53.69561
32.209100008	52.46369
32.2408399582	52.15573
32.2748799324	52.15573
32.3064899445	50.6159
32.3379700184	50.30794
32.3742198944	49.27529
32.405189991	48.91301
32.435970068	48.91301
32.4762599468	47.46372
32.5058300495	47.46372
32.5381400585	47.46372
32.5701999664	46.37676
32.605700016	44.56518
32.6344599724	43.8405
32.6734099388	43.47822
32.7082099915	42.75354
32.739470005	42.39126
32.7695400715	41.66664
32.8027899265	40.94197
32.8333098888	41.3043
32.8489201069	40.57968
32.8804500103	40.57968
32.913189888	40.21735
32.9439399242	39.85501
32.9748001099	40.21735
33.0084600449	40.21735
33.0613400936	40.94197
33.0791299343	39.85501
33.1084699631	40.21735
33.1382699013	39.49273
33.1699500084	38.40577
33.2032198906	38.40577
33.2333300114	38.40577
33.2737700939	38.76805
33.3101298809	38.04343
33.3421299458	37.31881
33.374229908	36.95647
33.4079799652	36.59413
33.4377999306	36.95647
33.4726600647	36.95647
33.5057199001	37.31881
33.5380299091	36.95647
33.5696001053	36.59413
33.6030199528	36.59413
33.6148200035	35.50717
33.647069931	34.78255
33.6817901134	35.14489
33.7152600288	34.78255
33.7441198826	35.14489
33.7756800652	35.86951
33.8099501133	35.14489
33.8436698914	35.14489
33.8750700951	34.42022
33.9102199078	34.05793
33.9396998882	34.05793
33.9685900211	34.42022
34.0010199547	34.42022
34.0408000946	34.42022
34.0737700462	34.78255
34.1061499119	34.78255
34.1392500401	35.14489
34.1705000401	34.42022
34.2004799843	34.42022
34.2420299053	34.78255
34.2776401043	34.78255
34.3046500683	35.50717
34.3376400471	35.14489
34.3726100922	36.59413
34.4012300968	35.86951
34.4165000916	36.95647
34.4488298893	36.23185
34.4801800251	36.95647
34.514359951	36.59413
34.5453801155	36.95647
34.5757000446	36.95647
34.6077799797	38.04343
34.6415100098	38.04343
34.6749899387	38.04343
34.7092599869	38.04343
34.739470005	38.04343
34.7724299431	38.04343
34.8039200306	38.76805
34.8415799141	39.13039
34.8760800362	39.85501
34.906359911	40.57968
34.9383499622	41.66664
34.9693698883	42.02892
35.0088899136	42.75354
35.0422201157	43.11588
35.0773100853	43.8405
35.1063499451	44.56518
35.1390299797	45.2898
35.1695899963	47.10138
35.1850199699	46.7391
35.2151501179	46.7391
35.2500400543	47.46372
35.2800600529	47.82605
35.3129000664	48.55067
35.3522698879	49.63763
35.3764600754	50.6159
35.4093599319	50.30794
35.4448099136	50.6159
35.4738900661	51.5398
35.5061600208	53.38764
35.5372400284	53.69561
35.5692300797	54.31154
35.6089599133	54.31154
35.6418600082	54.6195
35.6791899204	55.5434
35.708630085	56.77531
35.739759922	57.08328
35.7708799839	57.69921
35.8099598885	58.00717
35.846339941	58.93112
35.8730900288	59.23909
35.9055700302	61.3949
35.9369299412	61.3949
35.9689800739	61.70287
35.9859199524	63.24269
36.0153400898	63.55065
36.047440052	64.78257
36.0799400806	66.3224
36.1109600067	66.01443
36.1441500187	67.55431
36.1780500412	68.78617
36.210050106	67.86228
36.2455899715	69.09414
36.2760100365	70.01809
36.3065700531	71.86588
36.3371601105	71.55791
36.3775498867	72.48181
36.4104199409	73.40576
36.4440000057	74.63762
36.4741699696	74.63762
36.5071101189	75.56157
36.53779006	77.40936
36.5773200989	77.71732
36.6329898834	78.02529
36.6424798965	79.56517
36.6761200428	80.1811
36.708920002	81.105
36.7384200096	81.72098
36.751830101	82.33691
36.7860400677	82.64488
36.8170499802	84.18476
36.8479099274	85.41662
36.8797600269	85.41662
36.9118099213	86.34051
36.944259882	86.64848
36.9809401035	87.88039
37.010010004	89.42022
37.0418999195	90.03621
37.0759100914	91.26806
37.1066799164	91.57603
37.1364901066	92.19196
37.177079916	93.42388
37.2103199959	93.42388
37.2420599461	94.65574
37.2740600109	95.27167
37.3077199459	97.11951
37.339220047	96.50358
37.3764801025	97.73544
37.4105501175	98.35143
37.4410099983	100.1992
37.4744699001	99.89125
37.5097000599	101.1232
37.5185899734	101.4311
37.5530900955	102.971
37.5831799507	103.2789
37.6238200665	104.5108
37.6476800442	104.8188
37.6832399368	105.7427
37.7120399475	105.7427
37.7453100681	108.2065
37.7774999142	108.2065
37.8146600723	109.1304
37.8421800137	109.7464
37.8742098808	110.6703
37.9057500362	111.5941
37.9463500977	111.2862
37.9789400101	113.134
38.0092198849	112.8261
38.042320013	113.75
38.0745201111	114.0579
38.1086399555	114.9818
38.1447501183	114.3659
38.1781198978	115.9058
38.21104002	116.2137
38.2420799732	117.4456
38.2735099792	117.4456
38.3054299355	119.2934
38.3218700886	119.2934
38.3531799316	119.6014
38.4360001087	120.2173
38.4362199306	121.7572
38.4528501034	120.5253
38.4819099903	120.5253
38.5134000778	121.7572
38.5455899239	122.9891
38.5780301094	123.297
38.6116700172	123.605
38.6447899342	125.1449
38.6775999069	125.1449
38.7082300186	125.7608
38.7451000214	126.0688
38.7798099518	127.9166
38.810090065	127.6087
38.8423500061	127.3007
38.873650074	127.6087
38.9136099815	127.9166
38.9463200569	128.5326
38.9818201065	129.7645
39.0085699558	128.5326
39.0404698849	129.1485
39.0737299919	128.8405
39.0872700214	129.1485
39.1197500229	128.8405
39.152889967	128.8405
39.1843500137	129.4565
39.2151999474	130.3804
39.2471499443	131.3043
39.2816100121	130.3804
39.3137500286	130.6884
39.3472099304	130.3804
39.378070116	130.3804
39.4099800587	132.5362
39.4434900284	132.8442
39.4732999802	131.9202
39.5132699013	131.9202
39.5459599495	132.8442
39.5780498981	132.8442
39.6159799099	132.8442
39.6454699039	132.8442
39.678260088	135
39.7129600048	133.4601
39.7470300198	134.076
39.7781200409	132.8442
39.8119599819	133.7681
39.843460083	133.1521
39.8764200211	133.4601
39.8875100613	133.1521
39.9193799496	134.076
39.9525699615	133.1521
39.9842400551	133.4601
40.0212099552	132.8442
40.048429966	132.8442
40.0820400715	133.4601
40.113409996	133.7681
40.1462500095	133.4601
40.1792800426	132.8442
40.2155399323	132.8442
40.2449700832	132.8442
40.2801499367	132.5362
40.3139901161	132.5362
40.346280098	132.8442
40.3784000874	132.2283
40.4106199741	132.8442
40.4418699741	131.3043
40.482049942	130.9963
40.5144701004	130.3804
40.5484399796	130.9963
40.5794799328	130.3804
40.6085801125	130.6884
40.6411700249	130.3804
40.6554400921	130.3804
40.6895799637	130.3804
40.7217099667	130.3804
40.7535998821	129.7645
40.783659935	130.0724
40.815789938	129.1485
40.8478999138	129.1485
40.8832199574	128.2246
40.9140400887	127.9166
40.9456698895	127.3007
40.9782600403	126.6848
41.0107901096	125.4529
41.0410299301	125.4529
41.0838000774	124.8369
41.1136300564	123.605
41.1463999748	122.6811
41.1806399822	122.9891
41.2117199898	121.7572
41.2417700291	121.4493
41.2830600739	121.1413
41.3140199184	120.5253
41.3461201191	120.5253
41.3781599998	118.3695
41.4094998837	117.7536
41.4423499107	117.4456
41.4554998875	116.2137
41.488049984	115.5978
41.5197598934	115.5978
41.5533699989	115.5978
41.5845301151	115.5978
41.7071700096	113.75
41.7075901031	113.75
41.7077600956	112.5181
41.71585989	113.134
41.7459900379	111.5941
41.7876698971	110.0543
41.8119299412	110.3623
41.8498399258	110.6703
41.8823299408	109.4383
41.9156599045	108.2065
41.9461700916	107.5905
41.978290081	105.4347
42.0096099377	105.1268
42.0505399704	105.7427
42.0824398994	104.5108
42.1127099991	102.971
42.1451399326	102.663
42.1775000095	101.1232
42.2130100727	99.89125
42.2234899998	100.8151
42.2554500103	98.96736
42.287610054	98.35143
42.3201599121	98.04341
42.3507599831	96.50358
42.3826301098	95.27167
42.4181399345	95.27167
42.450040102	94.03981
42.4821300507	93.11591
42.5144200325	93.42388
42.5481300354	91.57603
42.5775299072	90.65213
42.6134300232	90.34417
42.6484200954	88.80429
42.6826899052	88.49632
42.7167799473	88.49632
42.7477500439	86.9565
42.7803499699	85.41662
42.8106000423	85.10865
42.8496899605	84.80069
42.8819699287	83.26081
42.9139900208	83.26081
42.9486699104	81.72098
42.9773900509	80.79703
42.9911398888	80.1811
43.0241498947	79.87314
43.0569601059	78.64128
43.0883800983	77.10139
43.1198101044	76.79343
43.1531100273	76.79343
43.1833200455	77.40936
43.216739893	75.56157
43.2503700256	73.09779
43.2823700905	73.71372
43.3140799999	72.48181
43.347630024	72.48181
43.3772699833	70.01809
43.4170000553	69.09414
43.4500300884	68.78617
43.4822199345	67.55431
43.5143399239	67.55431
43.5458199978	66.01443
43.5815899372	65.70647
43.6171200275	65.09054
43.6528398991	63.55065
43.6875500679	63.55065
43.7191400528	62.62676
43.7445299625	61.70287
43.7773199081	61.3949
43.7921600342	60.77891
43.82385993	59.85502
43.8557500839	58.93112
43.8879299164	58.62316
43.9190499783	58.31514
43.9537799358	57.69921
43.982929945	56.46735
44.0163400173	56.15938
44.0507400036	55.5434
44.0820000172	55.23543
44.1141901016	54.92747
44.1488699913	54.00357
44.1784899235	52.77166
44.2210400105	52.77166
44.2526400089	51.5398
44.2855300903	51.5398
44.3163700104	51.23183
44.3479299545	49.99997
44.3843100071	49.63763
44.4180500507	48.91301
44.4501700401	48.18834
44.4852700233	47.10138
44.5144500732	48.55067
44.5455200672	47.10138
44.5595200062	46.01442
44.5934200287	44.92746
44.6266100407	44.56518
44.6564800739	44.56518
44.6883599758	44.20284
44.7212300301	43.11588
44.7519900799	42.75354
44.7855899334	42.39126
44.8191399574	41.66664
44.8516499996	41.3043
44.8813300133	41.3043
44.9135000706	41.3043
44.944329977	41.66664
45.0747098923	41.66664
45.0749399662	40.94197
45.0752100945	41.66664
45.0821099281	41.3043
45.2116699219	42.39126
45.2118999958	41.3043
45.2120399475	41.66664
45.2242600918	40.94197
45.2505400181	40.94197
45.2850499153	41.66664
45.3879001141	41.3043
45.388119936	41.66664
45.3883399963	41.66664
45.392829895	41.3043
45.4240601063	40.94197
45.4576001167	42.39126
45.5830600262	40.94197
45.5832901001	40.94197
45.5835299492	40.94197
45.588570118	40.94197
45.7076699734	41.66664
45.7079000473	41.3043
45.7080500126	40.94197
45.7144999504	41.3043
45.7529799938	40.94197
45.7885499001	40.94197
45.8211801052	40.94197
45.8531599045	40.94197
45.8851099014	42.39126
45.9190399647	40.94197
45.9545800686	40.94197
45.9933400154	41.3043
46.017179966	41.66664
46.0501298904	40.94197
46.0813000202	41.3043
46.1140899658	41.3043
46.1285700798	40.94197
46.1594600677	40.21735
46.1974000931	40.57968
46.246409893	41.66664
46.2569899559	41.3043
46.2886800766	41.3043
46.3195800781	40.21735
46.3626599312	41.66664
46.4706699848	40.94197
46.4709999561	40.57968
46.4711899757	40.57968
46.4852900505	40.57968
46.5162200928	40.57968
46.5536799431	40.94197
46.5863399506	40.21735
46.6214299202	40.57968
46.6518599987	40.94197
46.6865100861	41.3043
46.7189500332	40.57968
46.757060051	40.21735
46.7887101173	40.57968
46.8208999634	41.66664
46.8502600193	41.66664
46.8819899559	40.57968
46.9149599075	41.66664
46.92979002	40.57968
46.9684400558	40.57968
46.9919900894	42.39126
47.0285799503	42.75354
47.0611400604	43.47822
47.087569952	43.8405
47.1214900017	43.8405
47.1552400589	44.92746
47.1857099533	46.01442
47.2215499878	46.37676
47.2496500015	47.46372
47.284610033	47.10138
47.3246901035	47.82605
47.355410099	48.91301
47.388479948	51.23183
47.4193000793	50.6159
47.4549500942	51.5398
47.4828898907	51.84776
47.5211200714	52.77166
47.5538599491	52.77166
47.5861599445	54.00357
47.6182100773	54.00357
47.6505300999	55.23543
47.6854999065	55.23543
47.6980900764	55.85142
47.7290899754	57.69921
47.7611598969	57.08328
47.7930400372	58.62316
47.8262300491	58.93112
47.8567299843	59.54705
47.8888399601	59.85502
47.9231901169	60.77891
47.9544000626	61.3949
47.9866800308	62.93472
48.0163800716	63.85862
48.053319931	64.16664
48.0806200504	65.09054
48.1216700077	65.70647
48.154309988	66.63036
48.1885499954	67.24635
48.2180600166	67.86228
48.2505500317	69.09414
48.2893600464	71.24995
48.3276500702	70.94198
48.3527500629	71.24995
48.385299921	71.86588
48.4207999706	73.71372
48.4531700611	74.32965
48.4642300606	75.56157
48.4988200665	76.1775
48.5276899338	76.79343
48.564260006	78.33331
48.5938301086	78.64128
48.6243300438	78.94924
48.6587400436	79.87314
48.6919798851	80.79703
48.7227699757	81.105
48.7530999184	82.95284
48.7863399982	83.56877
48.8169400692	83.56877
48.8506700993	84.80069
48.8902800083	84.49272
48.9239499569	85.72458
48.9551301003	87.26446
48.9899001122	88.49632
49.0197598934	88.80429
49.0503098965	89.11225
49.089400053	90.65213
49.1225199699	90.9601
49.1567299366	91.57603
49.1855900288	93.42388
49.2167699337	94.34777
49.2496800423	95.27167
49.2635500431	94.65574
49.2954499722	95.27167
49.3277900219	96.81155
49.3611299992	97.73544
49.3935101032	98.04341
49.4251599312	99.27532
49.4574000835	99.89125
49.490170002	100.5072
49.5223898888	101.7391
49.5556199551	102.971
49.5876300335	103.5869
49.623529911	104.5108
49.6579101086	106.0507
49.6936600208	106.3586
49.7257399559	107.5905
49.7566399574	107.8985
49.7908799648	109.1304
49.8208999634	109.4383
49.8571400642	109.4383
49.8943800926	109.4383
49.9226000309	110.6703
49.9536099434	111.2862
49.9886000156	112.2101
50.0169599056	112.2101
50.0330600739	113.134
50.0643899441	113.134
50.0977799892	114.0579
50.1270000935	115.5978
50.1592900753	115.5978
50.1917099953	116.8297
50.2235200405	116.8297
50.2570199966	117.7536
50.2929399014	118.0616
50.3222301006	118.0616
50.3538200855	118.9855
50.3854699135	120.2173
50.4182999134	120.5253
50.4573299885	121.4493
50.492579937	121.4493
50.522550106	122.0652
50.5548698902	122.9891
50.5857400894	123.297
50.6183099747	124.221
50.6569299698	124.221
50.6949501038	125.1449
50.7222499847	125.4529
50.7527699471	126.6848
50.7854499817	126.6848
50.8173799515	127.9166
50.8315498829	127.3007
50.8636798859	127.6087
50.8959100246	128.2246
50.9283900261	128.8405
50.960860014	129.1485
50.9973399639	128.8405
51.0275099277	128.5326
51.0583400726	130.3804
51.0917599201	129.1485
51.123169899	128.8405
51.1541800499	129.1485
51.1848599911	129.4565
51.2255399227	131.6123
51.2602200508	130.3804
51.2905700207	130.3804
51.3225700855	130.3804
51.3544099331	130.9963
51.3855900764	130.3804
51.4251899719	131.6123
51.4608299732	131.6123
51.4897298813	132.2283
51.5230500698	132.2283
51.5571799278	131.9202
51.5862998962	132.5362
51.6008601189	132.5362
51.6352500916	132.8442
51.7746999264	133.7681
51.7749199867	132.8442
51.7750599384	133.4601
51.7753300667	133.4601
51.7915298939	132.8442
51.8245899677	133.7681
51.8578500748	133.1521
51.890599966	133.1521
51.9223599434	133.7681
51.9537699223	132.8442
51.9854700565	133.7681
52.0252799988	133.1521
52.0625	132.8442
53.3357899189	132.8442
53.3361899853	133.7681
53.336509943	132.8442
53.3368299007	133.7681
53.3371698856	132.8442
53.3375499249	132.8442
53.3378601074	132.8442
53.3381500244	132.8442
53.3384299278	132.5362
53.3387100697	132.8442
53.3390200138	132.5362
53.3392899036	130.6884
53.3396100998	130.6884
53.3398799896	131.6123
53.3401401043	131.3043
53.340389967	131.6123
53.3422400951	130.3804
53.3424899578	130.6884
53.3427100182	130.6884
53.3429300785	130.0724
53.3431499004	129.7645
53.3433799744	129.1485
53.3436100483	128.8405
53.3438100815	129.1485
53.3440001011	130.0724
53.3441898823	128.8405
53.3443698883	127.3007
53.3445799351	126.3767
53.3447499275	126.6848
53.34491992	125.1449
53.3450798988	124.8369
53.3452401161	125.4529
53.3453900814	123.605
53.3455400467	123.297
53.3456799984	122.9891
53.3458199501	122.3731
53.3822999001	121.1413
53.3825600147	120.5253
53.3828299046	120.2173
53.3854899406	120.2173
53.3858599663	121.7572
53.4299299717	119.2934
53.4607400894	118.0616
53.4884500504	118.0616
53.5001499653	116.8297
53.5298199654	116.2137
53.5615301132	116.2137
53.5943300724	115.5978
53.6282699108	115.2898
53.6586899757	114.3659
53.6948099136	113.134
53.7281599045	112.8261
53.7622098923	111.5941
53.7942900658	111.5941
53.8263099194	110.6703
53.8622100353	110.6703
53.8946499825	108.5144
53.9204399586	107.8985
53.9362900257	108.2065
53.9695301056	106.6667
53.9998099804	105.4347
54.0332500935	104.5108
54.0648500919	104.5108
54.0954499245	103.2789
54.1276400089	103.2789
54.1603600979	101.7391
54.1951699257	100.8151
54.226170063	100.8151
54.2579700947	98.65939
54.2895100117	97.73544
54.321199894	97.11951
54.361759901	96.50358
54.4003200531	95.88765
54.4278600216	94.65574
54.4580600262	94.03981
54.4926600456	93.42388
54.5219600201	92.19196
54.5615699291	92.80795
54.5950300694	90.9601
54.6248099804	90.03621
54.6594901085	89.11225
54.697329998	88.49632
54.7214798927	88.49632
54.7365601063	86.9565
54.7681400776	86.03255
54.8001599312	84.80069
54.8314499855	84.49272
54.8639700413	83.56877
54.8966300488	83.56877
54.929610014	81.72098
54.9624900818	81.41302
54.9934101105	80.48907
55.0285899639	79.87314
55.0581400394	78.64128
55.0919399261	78.33331
55.1283400059	77.40936
55.1648700237	76.48546
55.1968700886	75.56157
55.2287399769	74.63762
55.2609300613	73.40576
55.2928600311	73.40576
55.3295300007	72.48181
55.3622300625	72.48181
55.3941800594	70.63402
55.4274799824	69.09414
55.457679987	68.47821
55.4894599915	68.78617
55.5046200752	66.93833
55.5361800194	66.3224
55.5679299831	65.70647
55.6011900902	65.09054
55.6316299438	63.85862
55.6651799679	63.85862
55.6991899014	63.24269
55.731169939	61.70287
55.7625000477	61.3949
55.7939300537	61.3949
55.8263099194	59.85502
55.857640028	59.54705
55.8892400265	59.23909
55.929320097	58.31514
55.9623200893	58.31514
55.9943199158	57.08328
56.0286400318	56.46735
56.0606799126	55.5434
56.0929598808	55.23543
56.1317000389	55.23543
56.1626000404	54.00357
56.1955499649	53.69561
56.2263898849	52.77166
56.2575500011	52.15573
56.2914700508	52.15573
56.3038499355	51.23183
56.3359799385	50.6159
56.3684298992	49.99997
56.3992800713	49.27529
56.4314301014	48.55067
56.46833992	48.18834
56.497699976	47.46372
56.5297000408	47.10138
56.5622498989	47.10138
56.5945599079	46.01442
56.6266798973	44.56518
56.6584300995	43.8405
56.6998798847	44.20284
56.7331800461	42.75354
56.7648000717	42.39126
56.7958099842	41.3043
56.8282101154	41.3043
56.8587400913	40.94197
56.8983299732	40.94197
56.9307100773	41.66664
56.9632198811	40.57968
56.9946401119	39.85501
57.0264101028	40.94197
57.057790041	40.21735
57.0716300011	40.21735
57.1045200825	39.49273
57.1360299587	39.85501
57.1684799194	40.21735
57.199450016	39.13039
57.233289957	38.76805
57.2660899162	39.49273
57.2978999615	38.40577
57.3319900036	38.04343
57.3618099689	37.68109
57.3940598965	38.04343
57.4248399734	38.76805
57.4571900368	37.31881
57.4975800514	36.59413
57.5303099155	37.31881
57.5646700859	37.31881
57.5945799351	36.95647
57.6259400845	37.31881
57.6671299934	36.23185
57.7043800354	35.50717
57.7305500507	35.14489
57.7636899948	35.50717
57.7978200912	35.50717
57.8260200024	35.50717
57.8408999443	35.14489
57.872770071	35.14489
57.9034399986	34.78255
57.9354600906	35.50717
57.9680199623	35.14489
58.0010099411	35.14489
58.0311799049	35.14489
58.0660300255	35.14489
58.0976600647	34.78255
58.1300199032	34.78255
58.1623198986	34.78255
58.1945800781	35.14489
58.2259199619	35.50717
58.2657999992	35.14489
58.3002400398	35.14489
58.3308999538	35.86951
58.3629000187	35.14489
58.3943300247	35.14489
58.4264600277	35.86951
58.4666500092	35.86951
58.4989600182	36.95647
58.5305600166	37.31881
58.5624399185	36.59413
58.5936698914	36.95647
58.6257300377	37.31881
58.6399800777	38.76805
58.6717500687	38.76805
58.7053899765	37.68109
58.7367899418	37.31881
58.7675199509	38.40577
58.8041000366	38.40577
58.8317399025	38.76805
58.8658599854	39.85501
58.9007198811	40.21735
58.9293498993	40.21735
58.9621300697	41.66664
58.9976799488	42.39126
59.026900053	42.75354
59.0660998821	43.11588
59.1032400131	44.56518
59.1307299137	44.56518
59.1629099846	45.65214
59.1928200722	46.01442
59.234400034	46.7391
59.2672901154	46.7391
59.2976698875	47.46372
59.3334300518	48.91301
59.3647100925	48.91301
59.393529892	49.27529
59.4084699154	50.30794
59.4402201176	50.30794
59.4712500572	52.46369
59.5032300949	52.15573
59.7806899548	54.00357
59.7809300423	53.69561
59.7810900211	54.31154
59.7812399864	55.23543
59.7813799381	55.23543
59.7849199772	56.46735
59.7868599892	57.69921
59.7871100903	57.39124
59.7994799614	57.69921
59.8349399567	58.93112
59.8694400787	58.93112
59.9018099308	60.77891
59.9346199036	60.77891
59.9650599957	61.3949
59.9964001179	61.70287
60.0335800648	63.85862
60.0668599606	65.09054
60.0986499786	65.09054
60.1329700947	65.09054
60.1619300842	67.55431
60.1938400269	68.47821
60.2077600956	68.17024
60.2398700714	70.01809
60.2731900215	70.01809
60.3055999279	71.24995
60.3383200169	71.86588
60.368819952	71.55791
60.4017601013	73.40576
60.4343800545	73.71372
60.4664800167	75.25355
60.4998600483	75.86954
60.5331099033	77.40936
60.5622999668	78.33331
60.6009099483	78.64128
60.6370999813	79.25721
60.6665799618	79.25721
60.7017400265	80.1811
60.7339301109	81.41302
60.7645800114	82.95284
60.8020699024	83.56877
60.8400399685	84.80069
60.8665599823	84.18476
60.8992700577	84.80069
60.9299099445	87.88039
60.9623401165	87.26446
60.9756300449	87.57243
61.0077400208	88.49632
61.0448598862	89.72824
61.0731699467	90.34417
61.1034500599	91.57603
61.1361999512	92.19196
61.1670799255	93.11591
61.2057199478	93.42388
61.2373199463	94.65574
61.2693400383	95.57969
61.2996299267	95.88765
61.3302500248	97.73544
61.3631699085	97.42748
61.404129982	98.04341
61.4350600243	99.27532
61.4665400982	101.4311
61.500469923	101.4311
61.5342099667	102.0471
61.5630800724	101.7391
61.6005699635	102.971
61.6341199875	104.2029
61.6690199375	104.5108
61.7034099102	106.3586
61.729170084	107.8985
61.745349884	107.8985
61.7763600349	108.2065
61.8077099323	110.0543
61.8399899006	109.4383
61.878070116	110.6703
61.905369997	110.9782
61.9369299412	111.2862
61.9716100693	111.2862
62.0049700737	112.2101
62.0370500088	113.134
62.069149971	114.0579
63.2160999775	115.5978
63.2163898945	115.5978
63.2165999413	115.2898
63.2167999744	115.9058
63.2170000076	116.5217
63.2172300816	118.0616
63.2174201012	119.2934
63.2175900936	118.6775
63.2178199291	120.5253
63.2179999352	119.6014
63.218159914	120.5253
63.2183101177	120.5253
63.218460083	122.9891
63.2186100483	122.0652
63.21875	122.9891
63.2411398888	123.913
63.2414300442	123.605
63.2416601181	124.221
63.2418699265	125.1449
63.2420799732	124.8369
63.2422800064	126.0688
63.242470026	126.0688
63.2426600456	126.3767
63.2428898811	126.6848
63.2430698872	127.3007
63.243240118	127.6087
63.2434799671	127.9166
63.2436599731	127.6087
63.2438299656	127.9166
63.2439899445	127.9166
63.2441399097	129.1485
63.2442800999	128.8405
64.4647099972	129.1485
64.4649400711	129.1485
64.4650800228	130.0724
64.4735000134	129.7645
64.4739599228	129.1485
64.4742999077	130.3804
64.4746000767	130.9963
64.4749200344	130.9963
64.4752600193	130.9963
64.4756300449	130.3804
64.4759399891	131.6123
64.476279974	130.9963
64.4765601158	132.2283
64.4768300056	132.5362
64.4770898819	132.5362
64.4773900509	131.6123
64.4776399136	132.8442
64.4778900146	132.8442
64.4781401157	134.076
64.4784200191	133.4601
64.4786601067	133.4601
64.4788799286	133.1521
64.4790999889	133.4601
64.4793200493	134.076
64.4796199799	133.4601
64.4798400402	132.8442
64.4800400734	134.076
64.4802401066	133.4601
64.4804298878	133.4601
64.4807100296	133.7681
64.4809200764	133.4601
64.4811201096	132.8442
64.4813001156	133.1521
64.4814600945	132.5362
64.4816200733	132.8442
64.4818000793	133.1521
64.4819500446	132.5362
64.4820899963	132.8442
64.5045599937	132.8442
64.5453400612	132.8442
64.5456700325	132.2283
64.5458500385	132.8442
64.5460400581	131.3043
64.546200037	131.6123
64.5722100735	130.3804
64.5822200775	130.9963
64.6306900978	130.9963
64.6403698921	130.3804
64.6719999313	131.3043
64.7112700939	130.6884
64.7378499508	129.1485
64.7704501152	129.1485
64.8040399551	129.1485
64.8355998993	130.0724
64.8708400726	129.1485
64.8811600208	127.9166
64.913850069	127.9166
64.9475901127	126.6848
64.97645998	126.6848
65.0074698925	126.6848
65.0413000584	126.6848
65.074630022	124.8369
65.1063799858	125.4529
65.1423499584	123.913
65.1700201035	123.605
65.2025799751	122.6811
65.2350399494	122.0652
65.2665100098	122.3731
65.3055799007	121.4493
65.3387999535	120.5253
65.3704400063	119.2934
65.402659893	119.2934
65.4349200726	118.3695
65.4661700726	117.7536
65.5055000782	117.4456
65.5383999348	115.5978
65.5708301067	115.5978
65.6026799679	115.5978
65.6345601082	114.3659
65.6647000313	114.0579
65.6825399399	113.134
65.7147700787	112.5181
65.7455399036	112.2101
65.7781200409	111.5941
65.8087000847	112.5181
65.8394999504	110.6703
65.8759799004	110.6703
65.90583992	109.1304
65.9381399155	108.2065
65.9711399078	108.2065
66.0028500557	106.9746
66.0340600014	105.1268
66.0735900402	105.4347
66.1105399132	103.8949
66.138299942	103.2789
66.1751799583	102.0471
66.2048799992	101.4311

