1.9286201	40.57968
1.9290699959	41.3043
1.9293699265	40.94197
1.9296600819	38.76805
1.9299299717	38.76805
1.9302000999	39.13039
1.9304599762	39.13039
1.9307799339	39.13039
1.931030035	46.7391
1.9312798977	56.15938
1.9316899776	67.24635
1.9319601059	78.02529
1.9321899414	89.72824
1.9324200153	102.663
1.9326701164	109.4383
1.9328899384	112.5181
1.9330999851	114.3659
1.9333000183	118.3695
1.9335000515	119.9094
1.9336900711	122.9891
1.9338800907	126.3767
1.9340600967	127.3007
1.9342699051	128.8405
1.9344398975	129.1485
1.93460989	130.9963
1.9347701073	132.2283
1.9349300861	132.8442
1.9350800514	133.4601
1.9352300167	132.8442
1.9354000092	133.1521
1.9765899181	132.8442
1.97687006	132.2283
1.977050066	129.7645
1.9832398891	129.1485
1.9886200428	129.1485
2.0181200504	129.1485
2.0503799915	125.4529
2.0820100307	121.7572
2.1130099297	119.2934
2.1444299221	115.5978
2.1704900265	112.5181
2.1843700409	107.8985
2.2180900574	104.5108
2.2726900578	102.0471
2.2821600437	99.58329
2.3346500397	94.9637
2.3449399471	89.42022
2.376240015	85.72458
2.4119598866	81.105
2.4454898834	76.1775
2.4802598953	71.55791
2.5132200718	66.63036
2.5459001064	62.62676
2.5794899464	60.16298
2.6136701107	58.31514
2.6449599266	56.46735
2.6814000607	53.07968
2.7169098854	50.30794
2.7445399761	48.55067
2.7816801071	45.2898
2.8105399609	43.11588
2.8425700665	40.57968
2.8796100616	39.85501
2.9051399231	38.04343
2.9369399548	36.95647
2.9513299465	36.95647
2.9864799976	34.78255
3.0186500549	35.86951
3.0492899418	34.78255
3.0812299252	34.42022
3.112869978	34.42022
3.1450800896	36.59413
3.1791200638	38.40577
3.21104002	40.21735
3.2418000698	43.11588
3.2752399445	45.65214
3.3103199005	47.46372
3.3413000107	51.23183
3.3768599033	54.6195
3.4100100994	57.69921
3.4435501099	61.3949
3.4744400978	64.78257
3.5106699467	68.78617
3.5409500599	73.71372
3.5771598816	76.48546
3.6099898815	80.1811
3.641949892	82.33691
3.6764800549	87.26446
3.7134199142	91.88399
3.7461400032	98.35143
3.7509698868	101.4311
3.7829999924	102.971
3.8153400421	106.6667
3.8484699726	110.3623
3.8803598881	113.134
3.9131100178	115.2898
4.2197999954	119.2934
4.2200798988	122.6811
4.2203299999	123.913
4.220510006	126.3767
4.2206699848	129.7645
4.2208199501	131.6123
4.2209999561	130.9963
4.2211399078	132.2283
4.2256300449	132.5362
4.2541999817	132.8442
4.2813999653	132.5362
4.3130400181	132.8442
4.3547699451	132.8442
4.3822000027	132.2283
4.410490036	130.3804
4.4422800541	128.5326
4.4742400646	129.1485
4.5069899559	127.3007
4.520070076	123.297
4.5594699383	120.5253
4.5865800381	118.0616
4.6172499657	114.3659
4.6477599144	113.134
4.6790299416	110.6703
4.7135899067	107.8985
4.7495200634	105.1268
4.782200098	99.27532
4.8137500286	94.34777
4.8460700512	87.88039
4.8738799095	83.87674
4.9059898853	82.33691
4.9476900101	77.40936
4.9819300175	74.32965
5.0135200024	69.71007
5.0449099541	64.47461
5.0767500401	59.85502
5.1135699749	58.31514
5.1472799778	57.39124
5.1808900833	53.38764
5.2101099491	49.63763
5.2423300743	47.46372
5.2769100666	44.56518
5.2880001068	43.11588
5.3196699619	41.3043
5.3522000313	40.21735
5.3857500553	38.40577
5.4170899391	36.95647
5.4484400749	36.59413
5.4816799164	36.59413
5.5142700672	35.86951
5.5454599857	35.86951
5.5853900909	36.23185
5.6172099113	35.14489
5.6446199417	36.59413
5.6745100021	38.04343
5.714099884	39.85501
5.7462000847	40.94197
5.7838199139	47.10138
5.8174600601	55.5434
5.8487401009	63.85862
5.8810501099	70.32605
5.9142599106	76.79343
5.9484798908	78.33331
5.9780600071	83.26081
6.0157799721	90.65213
6.0426299572	97.73544
6.073319912	101.4311
6.0899100304	104.5108
6.1194300652	108.8224
6.1517000198	112.2101
6.1839199066	113.75
6.2171299458	115.5978
6.2519199848	119.2934
6.2806699276	122.9891
6.3142399788	123.297
6.3475599289	125.4529
6.3779900074	126.6848
6.4148499966	128.5326
6.4472000599	129.7645
6.481169939	131.6123
6.5141000748	131.3043
6.5462501049	132.2283
6.5783801079	132.5362
6.6165599823	132.5362
6.6468999386	132.2283
6.6814599037	130.9963
6.7142899036	130.0724
6.7643198967	129.1485
6.7804698944	127.6087
6.8175098896	124.8369
6.8468899727	121.4493
6.8551399708	119.2934
6.8895800114	116.5217
6.9230399132	113.75
6.9528698921	111.2862
6.9870998859	107.8985
7.018239975	105.1268
7.0520100594	99.89125
7.0818500519	97.11951
7.119230032	92.80795
7.1459300518	89.42022
7.1790099144	84.49272
7.2094199657	80.79703
7.2450098991	75.56157
7.281140089	70.94198
7.3139600754	66.3224
7.3472499847	62.62676
7.3823800087	59.23909
7.4146199226	56.15938
7.4536499977	53.38764
7.4824700356	50.92387
7.5126299858	48.91301
7.5457799435	45.2898
7.5780000687	42.75354
7.6092801094	40.57968
7.6410799026	40.21735
7.6585199833	38.76805
7.6906099319	36.95647
7.7200400829	36.59413
7.7521901131	34.78255
7.7836399078	34.42022
7.8153100014	34.42022
7.8496499062	35.50717
7.8838300705	35.50717
7.913599968	35.14489
7.9456100464	37.31881
7.9781799316	38.40577
8.0092298985	39.13039
8.0487101078	39.13039
8.0835399628	38.76805
8.1151800156	39.85501
8.1479198933	40.21735
8.1796200275	38.76805
8.210340023	39.13039
8.2484500408	39.13039
8.2888100147	39.13039
8.3150999546	39.13039
8.3489201069	39.13039
8.3783800602	39.49273
8.4150300026	40.21735
8.4244699478	43.47822
8.4555699825	50.30794
8.4916601181	59.85502
8.5219700336	69.09414
8.5561599731	80.1811
8.5844500065	92.19196
8.614880085	104.5108
8.651070118	113.442
8.6821599007	117.1376
8.717400074	117.7536
8.7483000755	121.4493
8.7773299217	125.4529
8.8086400032	127.9166
8.8489100933	128.5326
8.8827500343	129.1485
8.9194300175	129.7645
8.9512999058	131.6123
8.9818298817	132.8442
9.0144600868	133.4601
9.0504200459	133.7681
9.0820200443	133.1521
9.1190099716	133.4601
9.1456398964	132.5362
9.1764199734	132.5362
9.1941599846	130.3804
9.223099947	129.1485
9.2549600601	126.6848
9.2877099514	124.221
9.3226399422	122.0652
9.3524899483	120.2173
9.3835101128	116.5217
9.4179201126	114.0579
9.4554400444	110.6703
9.4845900536	104.8188
9.5195000172	100.8151
9.5494201183	96.81155
9.5819299221	93.73184
9.6178700924	90.65213
9.6499500275	87.26446
9.6821300983	82.64488
9.7142999172	78.33331
9.7505099773	73.71372
9.7843499184	70.01809
9.8173100948	66.3224
9.8501400948	63.24269
9.8847401142	59.54705
9.9150800705	56.46735
9.9482901096	54.00357
9.9809799194	49.99997
9.9930799007	48.55067
10.025249958	47.46372
10.0556499958	43.8405
10.0903599262	41.3043
10.1195399761	40.21735
10.1547100544	39.49273
10.1869699955	36.95647
10.2181799412	36.95647
10.2503800392	35.14489
10.2821400166	34.78255
10.3138799667	35.86951
10.3451900482	34.78255
10.3809800148	35.14489
10.4191799164	36.59413
10.4514501095	38.40577
10.485820055	39.85501
10.5155498981	40.94197
10.5474801064	44.20284
10.5925300121	45.65214
10.6185400486	48.91301
10.6491799355	51.84776
10.6821000576	54.31154
10.7149999142	55.5434
10.7454800606	58.93112
10.7610900402	63.85862
10.7939798832	69.4021
10.8257501125	74.94558
10.856169939	78.02529
10.8872799873	80.48907
10.9191799164	82.95284
10.9514200687	86.64848
10.9914500713	90.03621
11.0230300426	95.27167
11.0534698963	100.8151
11.0863900185	106.9746
11.115459919	109.7464
11.146420002	111.9021
11.1855299473	113.442
11.2205300331	118.0616
11.2506699562	121.1413
11.2824499607	125.4529
11.3178501129	129.1485
11.3451800346	129.7645
11.3847799301	129.7645
11.4225599766	130.0724
11.4506499767	129.7645
11.4810900688	129.7645
11.5180699825	130.0724
11.5462501049	129.1485
11.5601000786	126.6848
11.5920600891	124.221
11.6286900043	121.4493
11.6576299667	118.3695
11.6900799274	115.5978
11.7220799923	114.3659
11.7512199879	111.2862
11.7843101025	108.2065
11.8238899708	104.5108
11.8533298969	98.35143
11.883660078	92.19196
11.9134800434	87.88039
11.9549000263	84.80069
11.9870800972	81.41302
12.0210800171	77.40936
12.0571599007	71.55791
12.0861399174	67.55431
12.1185400486	63.24269
12.1531600952	60.16298
12.1882801056	58.62316
12.2179400921	56.46735
12.2540800571	51.5398
12.2852499485	48.55067
12.3130600452	46.01442
12.3283801079	43.8405
12.3598899841	42.39126
12.3941400051	40.57968
12.4234399796	39.13039
12.4574000835	38.40577
12.4882500172	37.31881
12.5199000835	36.59413
12.5550899506	35.86951
12.5861198902	36.95647
12.6197800636	35.86951
12.6648099422	35.86951
12.6853899956	36.59413
12.7146499157	36.23185
12.7701599598	37.68109
12.7897100449	39.85501
12.8213799	42.39126
12.8618900776	46.01442
12.8887000084	48.91301
12.9199399948	50.92387
12.9582300186	53.69561
12.9858899117	56.46735
13.0180499554	60.77891
13.0527598858	66.3224
13.0887598991	70.32605
13.1139099598	74.94558
13.1290800571	80.48907
13.1629099846	83.87674
13.1958599091	85.72458
13.2236299515	88.18836
13.258699894	89.72824
13.2903699875	92.49998
13.3212299347	98.04341
13.3534400463	101.7391
13.3896899223	104.2029
13.4196200371	108.2065
13.4508600235	111.5941
13.4851899147	115.5978
13.5216500759	119.2934
13.5542099476	122.3731
13.5870599747	125.4529
13.6208701134	127.6087
13.652299881	129.1485
13.6854400635	130.6884
13.7214400768	130.9963
13.7541599274	131.6123
13.7879800797	132.8442
13.8226299286	132.8442
13.8487100601	132.8442
13.8816599846	132.8442
13.8974099159	132.2283
13.9290699959	131.3043
13.9599599838	130.3804
13.9933700562	128.8405
14.0233199596	129.7645
14.0565199852	126.0688
14.0889899731	123.297
14.1268401146	121.1413
14.1585900784	117.7536
14.189800024	113.134
14.2221000195	110.3623
14.2540700436	109.4383
14.2888200283	106.6667
14.3247098923	101.4311
14.3571600914	98.35143
14.3914499283	94.34777
14.4205899239	89.42022
14.4517800808	84.80069
14.4814300537	81.72098
14.5260798931	79.87314
14.5553500652	73.40576
14.5895600319	68.47821
14.61977005	63.85862
14.6496100426	59.85502
14.6639699936	57.08328
14.697740078	54.92747
14.7307400703	51.84776
14.7620999813	48.55067
14.7990100384	46.7391
14.8250598907	44.20284
14.8554499149	42.75354
14.8890099525	40.57968
14.9216499329	39.13039
14.9574899673	38.40577
14.987760067	36.23185
15.0190999508	35.50717
15.0506300926	34.42022
15.089099884	34.42022
15.1226298809	35.14489
15.1611099243	34.78255
15.1917200089	35.14489
15.2230000496	36.59413
15.2548499107	38.76805
15.2895200253	39.49273
15.3244299889	40.94197
15.3587698936	44.56518
15.3849298954	47.46372
15.4174599648	50.92387
15.4493899345	53.07968
15.4635100365	56.46735
15.4950900078	61.08688
15.5277199745	65.09054
15.5622000694	70.01809
15.5926799774	71.86588
15.6238501072	76.48546
15.6577999592	81.105
15.6924099922	84.80069
15.7255299091	90.9601
15.758769989	94.65574
15.7906401157	98.35143
15.8263800144	100.8151
15.854640007	102.0471
15.8914399147	106.9746
15.9254999161	110.3623
15.9542300701	113.134
15.9907801151	115.5978
16.0287098885	120.2173
16.0580499172	124.221
16.0904901028	125.7608
16.1264998913	127.6087
16.1542301178	129.7645
16.1933500767	130.0724
16.2186698914	131.6123
16.2337501049	132.2283
16.2645299435	132.5362
16.2950799465	133.7681
16.3309500217	132.8442
16.3610699177	132.8442
16.3963499069	132.8442
16.4257900715	132.8442
16.4574398994	131.6123
16.4900200367	130.0724
16.5231199265	127.6087
16.5567998886	124.221
16.5861699581	117.7536
16.6179199219	110.0543
16.6571800709	103.8949
16.6897900105	98.96736
16.7250299454	94.65574
16.7536699772	89.11225
16.7861399651	85.72458
16.8214099407	83.56877
16.8618900776	83.56877
16.8896598816	84.80069
16.9221799374	83.87674
16.9553399086	84.18476
16.9871399403	84.80069
17.0238900185	83.87674
17.0335600376	84.18476
17.0647799969	83.26081
17.0968899727	83.56877
17.1274399757	83.87674
17.1736700535	80.1811
17.1914300919	74.94558
17.2308599949	68.78617
17.2656900883	61.70287
17.293200016	52.46369
17.3251600266	42.02892
17.3601200581	35.86951
17.3895199299	34.42022
17.4288899899	34.78255
17.4655599594	34.78255
17.4972798824	35.50717
17.5264499187	37.68109
17.5599899292	39.49273
17.5916500092	41.66664
17.6270499229	43.8405
17.667429924	46.37676
17.690500021	50.30794
17.721339941	54.31154
17.7554299831	57.08328
17.7855899334	58.62316
17.8004300594	61.3949
17.8328299522	64.47461
17.8724999428	68.47821
17.8996100426	73.40576
17.9302101135	75.86954
17.9606900215	79.25721
18.0102000237	83.26081
18.028069973	86.34051
18.0643899441	89.72824
18.1131598949	95.57969
18.1237499714	101.4311
18.1538100243	105.7427
18.1856400967	110.0543
18.2265999317	112.8261
18.259649992	117.1376
18.3169701099	120.5253
18.3263399601	122.3731
18.3605000973	125.4529
18.3907999992	126.9927
18.4269900322	128.8405
18.4587900639	129.7645

